walker	cdf_0	cdf_1	log_l	log_p
0	1.425742669e+01	1.938236415e+01	-7.816639694e+00	-7.377758908e+00
1	1.940449485e+01	1.912813016e+01	-7.816639694e+00	-7.377758908e+00
2	1.587084589e+01	5.359827902e+00	-7.816639694e+00	-7.377758908e+00
3	-1.115735981e+01	9.628121004e+00	-1.137678116e+01	-7.377758908e+00
4	4.265813888e+00	-1.505602564e+01	5.622440839e+00	-7.377758908e+00
5	1.939972217e+01	-1.018287328e+01	-7.816639694e+00	-7.377758908e+00
6	-9.987139297e-01	-8.569931588e+00	-5.970384281e+00	-7.377758908e+00
7	-1.957325133e+01	-7.519175577e+00	-1.137678112e+01	-7.377758908e+00
8	5.046128376e+00	1.108513804e+01	-7.816639694e+00	-7.377758908e+00
9	-1.163215026e+00	9.244064317e-01	-1.380516238e+00	-7.377758908e+00
0	7.754468691e+00	1.421133025e+01	-7.816639694e+00	-7.377758908e+00
1	1.940449485e+01	1.912813016e+01	-7.816639694e+00	-7.377758908e+00
2	1.587084589e+01	5.359827902e+00	-7.816639694e+00	-7.377758908e+00
3	-1.115735981e+01	9.628121004e+00	-1.137678116e+01	-7.377758908e+00
4	4.265813888e+00	-1.505602564e+01	5.622440839e+00	-7.377758908e+00
5	1.390123618e+01	-7.212810139e+00	-7.816639694e+00	-7.377758908e+00
6	3.134896295e+00	-5.156671440e+00	1.334272155e+00	-7.377758908e+00
7	-1.035041150e+01	-1.213941009e+00	-1.137678112e+01	-7.377758908e+00
8	5.451732181e+00	1.024700963e+01	-7.816639694e+00	-7.377758908e+00
9	1.205750772e+00	-6.048681690e+00	3.759630499e+00	-7.377758908e+00
0	7.394812083e+00	1.390490454e+01	-7.816639694e+00	-7.377758908e+00
1	1.940449485e+01	1.912813016e+01	-7.816639694e+00	-7.377758908e+00
2	1.587084589e+01	5.359827902e+00	-7.816639694e+00	-7.377758908e+00
3	-8.206280977e+00	1.030842547e+01	-1.140384766e+01	-7.377758908e+00
4	4.265813888e+00	-1.505602564e+01	5.622440839e+00	-7.377758908e+00
5	1.390123618e+01	-7.212810139e+00	-7.816639694e+00	-7.377758908e+00
6	3.538647230e+00	-8.690857784e+00	4.782652386e+00	-7.377758908e+00
7	-1.283281829e+01	-3.328939708e+00	-1.137678112e+01	-7.377758908e+00
8	5.185217563e+00	8.475064456e+00	-7.816639695e+00	-7.377758908e+00
9	3.776145545e+00	-7.124055320e+00	2.563139538e+00	-7.377758908e+00
0	6.724586542e+00	1.361341148e+01	-7.816639694e+00	-7.377758908e+00
1	1.831888509e+01	7.213306452e+00	-7.816639694e+00	-7.377758908e+00
2	1.263276096e+01	6.303843567e+00	-7.816639694e+00	-7.377758908e+00
3	-1.473815735e+01	8.862577798e+00	-1.137678112e+01	-7.377758908e+00
4	4.265813888e+00	-1.505602564e+01	5.622440839e+00	-7.377758908e+00
5	1.704532106e+01	-6.764359730e+00	-7.816639694e+00	-7.377758908e+00
6	3.538647230e+00	-8.690857784e+00	4.782652386e+00	-7.377758908e+00
7	-1.224509940e+01	-3.521427090e+00	-1.137678112e+01	-7.377758908e+00
8	4.640467767e+00	4.055551874e+00	-7.816640008e+00	-7.377758908e+00
9	3.340575590e+00	-6.490371912e+00	2.905169160e+00	-7.377758908e+00
0	2.322343837e+00	9.636976742e+00	-7.817220308e+00	-7.377758908e+00
1	4.949770662e+00	2.517783815e+00	-7.816639843e+00	-7.377758908e+00
2	1.515066886e+01	3.188698778e+00	-7.816639694e+00	-7.377758908e+00
3	-1.473815735e+01	8.862577798e+00	-1.137678112e+01	-7.377758908e+00
4	4.269538587e+00	-1.486602395e+01	5.650032169e+00	-7.377758908e+00
5	1.885169301e+01	-1.625366113e+01	-7.816639694e+00	-7.377758908e+00
6	1.821370765e+00	-8.935798160e+00	4.053148945e+00	-7.377758908e+00
7	-1.224509940e+01	-3.521427090e+00	-1.137678112e+01	-7.377758908e+00
8	3.261029700e+00	-2.301364109e+00	-5.571840290e+00	-7.377758908e+00
9	3.340575590e+00	-6.490371912e+00	2.905169160e+00	-7.377758908e+00
0	2.400476889e+00	8.643269426e+00	-7.817289407e+00	-7.377758908e+00
1	3.707422036e+00	-2.030657017e+00	-7.133649397e+00	-7.377758908e+00
2	1.652286316e+01	-4.019764173e+00	-7.816639694e+00	-7.377758908e+00
3	-1.017714609e+01	7.996748343e+00	-1.137678116e+01	-7.377758908e+00
4	4.364567253e+00	-1.572281484e+01	5.590269836e+00	-7.377758908e+00
5	1.885169301e+01	-1.625366113e+01	-7.816639694e+00	-7.377758908e+00
6	2.222732916e+00	-1.000691147e+01	4.443094340e+00	-7.377758908e+00
7	-1.379806717e+01	-1.217121384e+01	-1.137678112e+01	-7.377758908e+00
8	3.789555259e+00	-9.023227652e+00	4.666864440e+00	-7.377758908e+00
9	3.340575590e+00	-6.490371912e+00	2.905169160e+00	-7.377758908e+00
0	1.359116659e+00	9.577019525e+00	-7.829509399e+00	-7.377758908e+00
1	4.354023454e+00	-2.497631176e+00	-7.573805356e+00	-7.377758908e+00
2	1.652286316e+01	-4.019764173e+00	-7.816639694e+00	-7.377758908e+00
3	-1.502086096e+01	7.333242041e+00	-1.137678112e+01	-7.377758908e+00
4	4.457291663e+00	-1.597026805e+01	5.617155161e+00	-7.377758908e+00
5	1.940691801e+01	-1.652019152e+01	-7.816639694e+00	-7.377758908e+00
6	2.222732916e+00	-1.000691147e+01	4.443094340e+00	-7.377758908e+00
7	-1.690289568e+01	-1.259065530e+01	-1.137678112e+01	-7.377758908e+00
8	5.065070987e+00	-1.878480230e+01	5.582455237e+00	-7.377758908e+00
9	2.417592750e+00	-1.012670222e+01	4.727736237e+00	-7.377758908e+00
0	1.359116659e+00	9.577019525e+00	-7.829509399e+00	-7.377758908e+00
1	2.614168058e+00	-8.768646729e-01	-6.069333271e+00	-7.377758908e+00
2	1.940810937e+01	-2.632266967e+00	-7.816639694e+00	-7.377758908e+00
3	-1.978680487e+01	9.552059372e+00	-1.137678112e+01	-7.377758908e+00
4	5.078400601e+00	-1.762781859e+01	5.769484990e+00	-7.377758908e+00
5	1.940691801e+01	-1.652019152e+01	-7.816639694e+00	-7.377758908e+00
6	2.260188739e+00	-1.013361766e+01	4.466711964e+00	-7.377758908e+00
7	-1.690289568e+01	-1.259065530e+01	-1.137678112e+01	-7.377758908e+00
8	5.065070987e+00	-1.878480230e+01	5.582455237e+00	-7.377758908e+00
9	2.453003171e+00	-1.078587354e+01	4.581355068e+00	-7.377758908e+00
0	1.472466850e+00	8.911404148e+00	-7.828269708e+00	-7.377758908e+00
1	3.115002123e-01	1.064187165e+01	-7.935275593e+00	-7.377758908e+00
2	1.940810937e+01	-2.632266967e+00	-7.816639694e+00	-7.377758908e+00
3	-1.896421317e+01	3.236183270e+00	-1.137678112e+01	-7.377758908e+00
4	4.506997519e+00	-1.710766302e+01	5.448488769e+00	-7.377758908e+00
5	1.712141562e+01	-1.566891956e+01	-7.816639694e+00	-7.377758908e+00
6	2.260188739e+00	-1.013361766e+01	4.466711964e+00	-7.377758908e+00
7	-1.690289568e+01	-1.259065530e+01	-1.137678112e+01	-7.377758908e+00
8	6.159530103e+00	-1.861198467e+01	5.997517031e+00	-7.377758908e+00
9	2.522493516e+00	-6.513352050e+00	4.528275221e+00	-7.377758908e+00
0	1.733253484e+00	8.522691171e+00	-7.822836081e+00	-7.377758908e+00
1	1.729137539e-01	1.084844035e+01	-7.965844331e+00	-7.377758908e+00
2	1.507207490e+01	-1.969137899e+00	-7.816639694e+00	-7.377758908e+00
3	-1.896421317e+01	3.236183270e+00	-1.137678112e+01	-7.377758908e+00
4	4.506997519e+00	-1.710766302e+01	5.448488769e+00	-7.377758908e+00
5	1.712141562e+01	-1.566891956e+01	-7.816639694e+00	-7.377758908e+00
6	2.260188739e+00	-1.013361766e+01	4.466711964e+00	-7.377758908e+00
7	-1.690289568e+01	-1.259065530e+01	-1.137678112e+01	-7.377758908e+00
8	6.159530103e+00	-1.861198467e+01	5.997517031e+00	-7.377758908e+00
9	2.838819295e+00	-8.202063015e+00	5.104831831e+00	-7.377758908e+00
0	2.323008511e+00	1.420010513e+01	-7.816733527e+00	-7.377758908e+00
1	1.054393155e+00	1.987484293e+00	-6.369316374e+00	-7.377758908e+00
2	1.483584692e+01	-2.089497630e+00	-7.816639694e+00	-7.377758908e+00
3	-1.896421317e+01	3.236183270e+00	-1.137678112e+01	-7.377758908e+00
4	5.846798746e+00	-1.893330062e+01	5.958166733e+00	-7.377758908e+00
5	1.712141562e+01	-1.566891956e+01	-7.816639694e+00	-7.377758908e+00
6	2.260188739e+00	-1.013361766e+01	4.466711964e+00	-7.377758908e+00
7	-2.354573571e+00	-7.757961051e+00	-1.022344540e+01	-7.377758908e+00
8	6.159530103e+00	-1.861198467e+01	5.997517031e+00	-7.377758908e+00
9	2.838819295e+00	-8.202063015e+00	5.104831831e+00	-7.377758908e+00
0	3.574417209e+00	4.370463394e+00	-7.816683958e+00	-7.377758908e+00
1	1.054393155e+00	1.987484293e+00	-6.369316374e+00	-7.377758908e+00
2	1.316058022e+01	-5.279742158e+00	-7.816639694e+00	-7.377758908e+00
3	-1.896421317e+01	3.236183270e+00	-1.137678112e+01	-7.377758908e+00
4	5.846798746e+00	-1.893330062e+01	5.958166733e+00	-7.377758908e+00
5	1.712141562e+01	-1.566891956e+01	-7.816639694e+00	-7.377758908e+00
6	3.010389847e+00	-1.060618878e+01	5.306103068e+00	-7.377758908e+00
7	5.526003372e+00	-1.095897521e+01	2.966305054e+00	-7.377758908e+00
8	6.159530103e+00	-1.861198467e+01	5.997517031e+00	-7.377758908e+00
9	4.729172086e-01	-7.853209982e-01	1.373958355e+00	-7.377758908e+00
0	3.965534165e+00	8.933134537e-01	-7.816099139e+00	-7.377758908e+00
1	1.077802477e+00	2.099113144e+00	-6.618126183e+00	-7.377758908e+00
2	1.697052710e+01	1.975617365e+00	-7.816639694e+00	-7.377758908e+00
3	-1.896421317e+01	3.236183270e+00	-1.137678112e+01	-7.377758908e+00
4	5.846798746e+00	-1.893330062e+01	5.958166733e+00	-7.377758908e+00
5	9.879499112e+00	-9.194715371e+00	-7.816061163e+00	-7.377758908e+00
6	3.010389847e+00	-1.060618878e+01	5.306103068e+00	-7.377758908e+00
7	5.526003372e+00	-1.095897521e+01	2.966305054e+00	-7.377758908e+00
8	6.159530103e+00	-1.861198467e+01	5.997517031e+00	-7.377758908e+00
9	4.729172086e-01	-7.853209982e-01	1.373958355e+00	-7.377758908e+00
0	2.802078460e+00	1.013835004e+01	-7.816713815e+00	-7.377758908e+00
1	1.077802477e+00	2.099113144e+00	-6.618126183e+00	-7.377758908e+00
2	1.414224452e+01	1.997594777e+00	-7.816639694e+00	-7.377758908e+00
3	-1.896421317e+01	3.236183270e+00	-1.137678112e+01	-7.377758908e+00
4	5.846798746e+00	-1.893330062e+01	5.958166733e+00	-7.377758908e+00
5	1.328635727e+01	-8.494669774e+00	-7.816639694e+00	-7.377758908e+00
6	3.010389847e+00	-1.060618878e+01	5.306103068e+00	-7.377758908e+00
7	5.558376722e+00	-1.176371134e+01	3.801425864e+00	-7.377758908e+00
8	4.897613818e+00	-1.346891650e+01	5.645804906e+00	-7.377758908e+00
9	4.729172086e-01	-7.853209982e-01	1.373958355e+00	-7.377758908e+00
0	2.802078460e+00	1.013835004e+01	-7.816713815e+00	-7.377758908e+00
1	2.145777820e+00	-2.253528993e+00	-9.114503026e-01	-7.377758908e+00
2	1.390497492e+01	-9.110773144e-01	-7.816639694e+00	-7.377758908e+00
3	-1.896421317e+01	3.236183270e+00	-1.137678112e+01	-7.377758908e+00
4	5.846798746e+00	-1.893330062e+01	5.958166733e+00	-7.377758908e+00
5	1.692761314e+01	-1.093858612e+01	-7.816639694e+00	-7.377758908e+00
6	3.010389847e+00	-1.060618878e+01	5.306103068e+00	-7.377758908e+00
7	5.558376722e+00	-1.176371134e+01	3.801425864e+00	-7.377758908e+00
8	4.897613818e+00	-1.346891650e+01	5.645804906e+00	-7.377758908e+00
9	1.437474967e-01	3.263084973e-01	2.162451854e-01	-7.377758908e+00
0	2.744315844e+00	1.589059835e+01	-7.816647124e+00	-7.377758908e+00
1	2.145777820e+00	-2.253528993e+00	-9.114503026e-01	-7.377758908e+00
2	2.651653687e+00	5.088073347e-01	-7.587724257e+00	-7.377758908e+00
3	-1.567616843e+01	2.381118029e+00	-1.137678112e+01	-7.377758908e+00
4	4.737305820e+00	-1.567605809e+01	5.801654177e+00	-7.377758908e+00
5	1.746406155e+01	-1.089965325e+01	-7.816639694e+00	-7.377758908e+00
6	3.010389847e+00	-1.060618878e+01	5.306103068e+00	-7.377758908e+00
7	5.558376722e+00	-1.176371134e+01	3.801425864e+00	-7.377758908e+00
8	3.277358695e+00	-1.380971292e+01	4.892683517e+00	-7.377758908e+00
9	8.644253238e-01	-2.924738476e+00	3.137991924e+00	-7.377758908e+00
0	2.361069791e+00	1.964340482e+01	-7.816647333e+00	-7.377758908e+00
1	2.145777820e+00	-2.253528993e+00	-9.114503026e-01	-7.377758908e+00
2	3.853468273e+00	-4.565391950e+00	-2.964581399e+00	-7.377758908e+00
3	-1.226255063e+01	-1.094576091e-01	-1.137678112e+01	-7.377758908e+00
4	5.464799434e+00	-1.781182938e+01	5.912551527e+00	-7.377758908e+00
5	1.480663239e+01	-1.144476070e+01	-7.816639694e+00	-7.377758908e+00
6	3.303386138e+00	-1.146636549e+01	5.425612661e+00	-7.377758908e+00
7	5.613378537e+00	-1.226996957e+01	4.167126076e+00	-7.377758908e+00
8	5.726090513e+00	-1.330741469e+01	4.769895832e+00	-7.377758908e+00
9	8.644253238e-01	-2.924738476e+00	3.137991924e+00	-7.377758908e+00
0	2.361069791e+00	1.964340482e+01	-7.816647333e+00	-7.377758908e+00
1	2.145777820e+00	-2.253528993e+00	-9.114503026e-01	-7.377758908e+00
2	4.649091393e+00	-8.279625001e+00	1.617620712e+00	-7.377758908e+00
3	-1.660323389e+01	1.090702288e+00	-1.137678112e+01	-7.377758908e+00
4	5.464799434e+00	-1.781182938e+01	5.912551527e+00	-7.377758908e+00
5	1.307231722e+01	-1.262680965e+01	-7.816638004e+00	-7.377758908e+00
6	2.898963919e+00	-1.005001484e+01	5.277154653e+00	-7.377758908e+00
7	5.595134202e+00	-1.295046599e+01	4.725159415e+00	-7.377758908e+00
8	5.726090513e+00	-1.330741469e+01	4.769895832e+00	-7.377758908e+00
9	8.644253238e-01	-2.924738476e+00	3.137991924e+00	-7.377758908e+00
0	2.361069791e+00	1.964340482e+01	-7.816647333e+00	-7.377758908e+00
1	2.738236347e+00	-3.679723458e+00	-1.629333431e-01	-7.377758908e+00
2	5.122134767e+00	-9.418357605e+00	1.942002127e+00	-7.377758908e+00
3	-1.660323389e+01	1.090702288e+00	-1.137678112e+01	-7.377758908e+00
4	5.486722046e+00	-1.806801273e+01	5.903780789e+00	-7.377758908e+00
5	1.385032096e+01	-1.298644158e+01	-7.816639634e+00	-7.377758908e+00
6	2.524875745e+00	-9.647583106e+00	4.985640929e+00	-7.377758908e+00
7	4.730557670e+00	-1.202038304e+01	5.273003214e+00	-7.377758908e+00
8	5.637876471e+00	-1.302316469e+01	4.710477246e+00	-7.377758908e+00
9	8.644253238e-01	-2.924738476e+00	3.137991924e+00	-7.377758908e+00
0	2.361069791e+00	1.964340482e+01	-7.816647333e+00	-7.377758908e+00
1	2.738236347e+00	-3.679723458e+00	-1.629333431e-01	-7.377758908e+00
2	4.129131009e+00	-7.903884087e+00	2.675511668e+00	-7.377758908e+00
3	-1.660323389e+01	1.090702288e+00	-1.137678112e+01	-7.377758908e+00
4	5.285055370e+00	-1.645512879e+01	5.910752194e+00	-7.377758908e+00
5	1.714629336e+01	-1.297170317e+01	-7.816639694e+00	-7.377758908e+00
6	2.524875745e+00	-9.647583106e+00	4.985640929e+00	-7.377758908e+00
7	4.730557670e+00	-1.202038304e+01	5.273003214e+00	-7.377758908e+00
8	5.637876471e+00	-1.302316469e+01	4.710477246e+00	-7.377758908e+00
9	8.644253238e-01	-2.924738476e+00	3.137991924e+00	-7.377758908e+00
0	2.361069791e+00	1.964340482e+01	-7.816647333e+00	-7.377758908e+00
1	2.686305747e+00	-5.132262152e+00	2.761444769e+00	-7.377758908e+00
2	4.129131009e+00	-7.903884087e+00	2.675511668e+00	-7.377758908e+00
3	-1.660323389e+01	1.090702288e+00	-1.137678112e+01	-7.377758908e+00
4	5.285055370e+00	-1.645512879e+01	5.910752194e+00	-7.377758908e+00
5	1.908127904e+01	-1.724013826e+01	-7.816639694e+00	-7.377758908e+00
6	2.524875745e+00	-9.647583106e+00	4.985640929e+00	-7.377758908e+00
7	4.500569375e+00	-1.147930178e+01	5.249069969e+00	-7.377758908e+00
8	5.637876471e+00	-1.302316469e+01	4.710477246e+00	-7.377758908e+00
9	8.644253238e-01	-2.924738476e+00	3.137991924e+00	-7.377758908e+00
0	2.361069791e+00	1.964340482e+01	-7.816647333e+00	-7.377758908e+00
1	2.686305747e+00	-5.132262152e+00	2.761444769e+00	-7.377758908e+00
2	3.899241732e+00	-8.153755610e+00	3.626293441e+00	-7.377758908e+00
3	-1.660323389e+01	1.090702288e+00	-1.137678112e+01	-7.377758908e+00
4	5.285055370e+00	-1.645512879e+01	5.910752194e+00	-7.377758908e+00
5	1.908127904e+01	-1.724013826e+01	-7.816639694e+00	-7.377758908e+00
6	2.524875745e+00	-9.647583106e+00	4.985640929e+00	-7.377758908e+00
7	4.500569375e+00	-1.147930178e+01	5.249069969e+00	-7.377758908e+00
8	5.121561070e+00	-1.193087887e+01	4.737993488e+00	-7.377758908e+00
9	8.644253238e-01	-2.924738476e+00	3.137991924e+00	-7.377758908e+00
0	2.361069791e+00	1.964340482e+01	-7.816647333e+00	-7.377758908e+00
1	2.686305747e+00	-5.132262152e+00	2.761444769e+00	-7.377758908e+00
2	3.283837530e+00	-6.342312446e+00	2.851417549e+00	-7.377758908e+00
3	-1.660323389e+01	1.090702288e+00	-1.137678112e+01	-7.377758908e+00
4	5.285055370e+00	-1.645512879e+01	5.910752194e+00	-7.377758908e+00
5	1.908127904e+01	-1.724013826e+01	-7.816639694e+00	-7.377758908e+00
6	1.444533111e+00	-9.041092044e+00	3.095336157e+00	-7.377758908e+00
7	4.500569375e+00	-1.147930178e+01	5.249069969e+00	-7.377758908e+00
8	5.202427087e+00	-1.198968359e+01	4.655155075e+00	-7.377758908e+00
9	8.644253238e-01	-2.924738476e+00	3.137991924e+00	-7.377758908e+00
0	2.361069791e+00	1.964340482e+01	-7.816647333e+00	-7.377758908e+00
1	2.634315209e+00	-5.026977098e+00	2.749960979e+00	-7.377758908e+00
2	3.585392956e+00	-7.615466437e+00	3.735614949e+00	-7.377758908e+00
3	-1.660323389e+01	1.090702288e+00	-1.137678112e+01	-7.377758908e+00
4	5.285055370e+00	-1.645512879e+01	5.910752194e+00	-7.377758908e+00
5	1.246802836e+01	-1.333978886e+01	-7.816288020e+00	-7.377758908e+00
6	1.444533111e+00	-9.041092044e+00	3.095336157e+00	-7.377758908e+00
7	4.500569375e+00	-1.147930178e+01	5.249069969e+00	-7.377758908e+00
8	3.245614719e+00	-7.900612705e+00	4.623506327e+00	-7.377758908e+00
9	4.817617906e-01	-2.470218641e+00	2.702121205e+00	-7.377758908e+00
0	2.361069791e+00	1.964340482e+01	-7.816647333e+00	-7.377758908e+00
1	2.634315209e+00	-5.026977098e+00	2.749960979e+00	-7.377758908e+00
2	3.497763051e+00	-7.577676807e+00	3.888430813e+00	-7.377758908e+00
3	-1.047362734e+01	-8.585568112e-01	-1.137678112e+01	-7.377758908e+00
4	5.285055370e+00	-1.645512879e+01	5.910752194e+00	-7.377758908e+00
5	3.572862914e+00	-8.924376656e+00	4.888718279e+00	-7.377758908e+00
6	1.444533111e+00	-9.041092044e+00	3.095336157e+00	-7.377758908e+00
7	4.500569375e+00	-1.147930178e+01	5.249069969e+00	-7.377758908e+00
8	3.163168237e+00	-8.006205031e+00	4.795439998e+00	-7.377758908e+00
9	4.817617906e-01	-2.470218641e+00	2.702121205e+00	-7.377758908e+00
0	2.361069791e+00	1.964340482e+01	-7.816647333e+00	-7.377758908e+00
1	2.634315209e+00	-5.026977098e+00	2.749960979e+00	-7.377758908e+00
2	3.592705119e+00	-7.510007976e+00	3.594671099e+00	-7.377758908e+00
3	-1.432275919e+01	3.113813075e+00	-1.137678112e+01	-7.377758908e+00
4	5.488348848e+00	-1.733158916e+01	5.934999444e+00	-7.377758908e+00
5	3.455905744e+00	-8.438702010e+00	4.720484313e+00	-7.377758908e+00
6	1.444533111e+00	-9.041092044e+00	3.095336157e+00	-7.377758908e+00
7	4.500569375e+00	-1.147930178e+01	5.249069969e+00	-7.377758908e+00
8	2.940442593e+00	-8.263495645e+00	5.088672882e+00	-7.377758908e+00
9	-2.794441383e-01	-1.566073973e+00	1.162727813e+00	-7.377758908e+00
0	2.361069791e+00	1.964340482e+01	-7.816647333e+00	-7.377758908e+00
1	2.634315209e+00	-5.026977098e+00	2.749960979e+00	-7.377758908e+00
2	3.732018436e+00	-1.058139761e+01	5.450641386e+00	-7.377758908e+00
3	-1.461251119e+01	3.252917858e+00	-1.137678112e+01	-7.377758908e+00
4	5.488348848e+00	-1.733158916e+01	5.934999444e+00	-7.377758908e+00
5	3.455905744e+00	-8.438702010e+00	4.720484313e+00	-7.377758908e+00
6	1.823037732e+00	-9.817089685e+00	3.689754207e+00	-7.377758908e+00
7	4.547654944e+00	-1.161634911e+01	5.266269879e+00	-7.377758908e+00
8	2.940442593e+00	-8.263495645e+00	5.088672882e+00	-7.377758908e+00
9	-2.794441383e-01	-1.566073973e+00	1.162727813e+00	-7.377758908e+00
0	2.361069791e+00	1.964340482e+01	-7.816647333e+00	-7.377758908e+00
1	2.634315209e+00	-5.026977098e+00	2.749960979e+00	-7.377758908e+00
2	2.424238487e+00	-5.555142248e+00	3.881903931e+00	-7.377758908e+00
3	-1.597474376e+01	1.937482103e+00	-1.137678112e+01	-7.377758908e+00
4	5.221677825e+00	-1.609311233e+01	5.899845234e+00	-7.377758908e+00
5	2.757580308e+00	-6.406154792e+00	4.135198143e+00	-7.377758908e+00
6	1.823037732e+00	-9.817089685e+00	3.689754207e+00	-7.377758908e+00
7	4.547654944e+00	-1.161634911e+01	5.266269879e+00	-7.377758908e+00
8	4.018724276e+00	-1.050634072e+01	5.253706846e+00	-7.377758908e+00
9	7.563899124e-01	-5.631118789e+00	2.818857871e+00	-7.377758908e+00
0	2.361069791e+00	1.964340482e+01	-7.816647333e+00	-7.377758908e+00
1	2.634315209e+00	-5.026977098e+00	2.749960979e+00	-7.377758908e+00
2	2.424238487e+00	-5.555142248e+00	3.881903931e+00	-7.377758908e+00
3	-1.350156530e+01	4.226794877e-01	-1.137678112e+01	-7.377758908e+00
4	5.221677825e+00	-1.609311233e+01	5.899845234e+00	-7.377758908e+00
5	2.859560084e+00	-6.666506366e+00	4.203822638e+00	-7.377758908e+00
6	1.782283248e+00	-9.940965835e+00	3.535928258e+00	-7.377758908e+00
7	4.563295875e+00	-1.183995425e+01	5.347859111e+00	-7.377758908e+00
8	3.885503664e+00	-1.022676534e+01	5.244829361e+00	-7.377758908e+00
9	3.368381089e-01	-5.650230892e+00	1.450255513e+00	-7.377758908e+00
0	2.181259517e+00	1.045249695e+01	-7.817341796e+00	-7.377758908e+00
1	2.615372260e+00	-4.889093748e+00	2.593842635e+00	-7.377758908e+00
2	3.227015040e+00	-8.579206145e+00	5.042274568e+00	-7.377758908e+00
3	-1.350156530e+01	4.226794877e-01	-1.137678112e+01	-7.377758908e+00
4	5.788247612e+00	-1.822738398e+01	5.968936284e+00	-7.377758908e+00
5	2.859560084e+00	-6.666506366e+00	4.203822638e+00	-7.377758908e+00
6	1.782283248e+00	-9.940965835e+00	3.535928258e+00	-7.377758908e+00
7	4.563295875e+00	-1.183995425e+01	5.347859111e+00	-7.377758908e+00
8	4.883262826e+00	-1.368921793e+01	5.700797888e+00	-7.377758908e+00
9	8.582907413e-01	-6.853293987e+00	2.520361526e+00	-7.377758908e+00
0	2.862869148e+00	1.936865128e+01	-7.816640490e+00	-7.377758908e+00
1	2.615372260e+00	-4.889093748e+00	2.593842635e+00	-7.377758908e+00
2	3.090103867e+00	-8.708254400e+00	5.173968722e+00	-7.377758908e+00
3	-1.819860331e+01	2.457880284e+00	-1.137678112e+01	-7.377758908e+00
4	5.788247612e+00	-1.822738398e+01	5.968936284e+00	-7.377758908e+00
5	2.859560084e+00	-6.666506366e+00	4.203822638e+00	-7.377758908e+00
6	1.782283248e+00	-9.940965835e+00	3.535928258e+00	-7.377758908e+00
7	4.563295875e+00	-1.183995425e+01	5.347859111e+00	-7.377758908e+00
8	4.320921849e+00	-1.150715918e+01	5.410306957e+00	-7.377758908e+00
9	1.786562420e+00	-8.100914980e+00	4.275570305e+00	-7.377758908e+00
0	2.862869148e+00	1.936865128e+01	-7.816640490e+00	-7.377758908e+00
1	2.615372260e+00	-4.889093748e+00	2.593842635e+00	-7.377758908e+00
2	3.456380305e+00	-9.541174369e+00	5.273838682e+00	-7.377758908e+00
3	-1.819860331e+01	2.457880284e+00	-1.137678112e+01	-7.377758908e+00
4	5.788247612e+00	-1.822738398e+01	5.968936284e+00	-7.377758908e+00
5	2.935090270e+00	-7.216281148e+00	4.539847227e+00	-7.377758908e+00
6	2.361597514e+00	-9.802619675e+00	4.733784403e+00	-7.377758908e+00
7	3.981941171e+00	-1.144298164e+01	5.559534302e+00	-7.377758908e+00
8	4.891211979e+00	-1.280401038e+01	5.450763289e+00	-7.377758908e+00
9	1.590766741e+00	-8.251723235e+00	3.821101797e+00	-7.377758908e+00
0	2.862869148e+00	1.936865128e+01	-7.816640490e+00	-7.377758908e+00
1	2.410899945e+00	-3.758044285e+00	1.286626343e+00	-7.377758908e+00
2	3.754692743e+00	-1.021954284e+01	5.334232186e+00	-7.377758908e+00
3	-1.819860331e+01	2.457880284e+00	-1.137678112e+01	-7.377758908e+00
4	5.788247612e+00	-1.822738398e+01	5.968936284e+00	-7.377758908e+00
5	2.935090270e+00	-7.216281148e+00	4.539847227e+00	-7.377758908e+00
6	2.361597514e+00	-9.802619675e+00	4.733784403e+00	-7.377758908e+00
7	3.981941171e+00	-1.144298164e+01	5.559534302e+00	-7.377758908e+00
8	4.894749110e+00	-1.281205389e+01	5.450929206e+00	-7.377758908e+00
9	1.590766741e+00	-8.251723235e+00	3.821101797e+00	-7.377758908e+00
0	2.862869148e+00	1.936865128e+01	-7.816640490e+00	-7.377758908e+00
1	2.410899945e+00	-3.758044285e+00	1.286626343e+00	-7.377758908e+00
2	3.521280499e+00	-9.276446810e+00	5.126108421e+00	-7.377758908e+00
3	-1.819860331e+01	2.457880284e+00	-1.137678112e+01	-7.377758908e+00
4	5.054789891e+00	-1.547255115e+01	5.872545528e+00	-7.377758908e+00
5	2.935090270e+00	-7.216281148e+00	4.539847227e+00	-7.377758908e+00
6	2.361597514e+00	-9.802619675e+00	4.733784403e+00	-7.377758908e+00
7	4.308154157e+00	-1.187834508e+01	5.533106192e+00	-7.377758908e+00
8	4.894749110e+00	-1.281205389e+01	5.450929206e+00	-7.377758908e+00
9	2.207678223e+00	-9.075052526e+00	4.696543691e+00	-7.377758908e+00
0	2.862869148e+00	1.936865128e+01	-7.816640490e+00	-7.377758908e+00
1	2.410899945e+00	-3.758044285e+00	1.286626343e+00	-7.377758908e+00
2	3.381262577e+00	-9.339975924e+00	5.245667054e+00	-7.377758908e+00
3	-1.819860331e+01	2.457880284e+00	-1.137678112e+01	-7.377758908e+00
4	5.054789891e+00	-1.547255115e+01	5.872545528e+00	-7.377758908e+00
5	2.418853213e+00	-5.485646153e+00	3.821266685e+00	-7.377758908e+00
6	2.361597514e+00	-9.802619675e+00	4.733784403e+00	-7.377758908e+00
7	4.337393626e+00	-1.191736804e+01	5.528793728e+00	-7.377758908e+00
8	5.474832836e+00	-1.414281956e+01	5.471622660e+00	-7.377758908e+00
9	2.201356337e+00	-9.240455694e+00	4.643790949e+00	-7.377758908e+00
0	2.862869148e+00	1.936865128e+01	-7.816640490e+00	-7.377758908e+00
1	2.410899945e+00	-3.758044285e+00	1.286626343e+00	-7.377758908e+00
2	3.551245090e+00	-1.018748588e+01	5.416513832e+00	-7.377758908e+00
3	-1.819860331e+01	2.457880284e+00	-1.137678112e+01	-7.377758908e+00
4	6.043334566e+00	-1.872492008e+01	5.995945015e+00	-7.377758908e+00
5	2.418853213e+00	-5.485646153e+00	3.821266685e+00	-7.377758908e+00
6	3.833403631e+00	-1.185448280e+01	5.622334505e+00	-7.377758908e+00
7	3.750746615e+00	-1.118217365e+01	5.558138834e+00	-7.377758908e+00
8	5.474832836e+00	-1.414281956e+01	5.471622660e+00	-7.377758908e+00
9	2.201356337e+00	-9.240455694e+00	4.643790949e+00	-7.377758908e+00
0	2.862869148e+00	1.936865128e+01	-7.816640490e+00	-7.377758908e+00
1	2.345729693e+00	-3.489520510e+00	9.957607670e-01	-7.377758908e+00
2	3.380209345e+00	-9.548945118e+00	5.311250084e+00	-7.377758908e+00
3	-1.819860331e+01	2.457880284e+00	-1.137678112e+01	-7.377758908e+00
4	6.180828338e+00	-1.922714855e+01	6.008771461e+00	-7.377758908e+00
5	2.418853213e+00	-5.485646153e+00	3.821266685e+00	-7.377758908e+00
6	3.833403631e+00	-1.185448280e+01	5.622334505e+00	-7.377758908e+00
7	4.314390059e+00	-1.303659305e+01	5.725278921e+00	-7.377758908e+00
8	5.190352582e+00	-1.355786349e+01	5.488021367e+00	-7.377758908e+00
9	2.201356337e+00	-9.240455694e+00	4.643790949e+00	-7.377758908e+00
0	2.862869148e+00	1.936865128e+01	-7.816640490e+00	-7.377758908e+00
1	2.363550268e+00	-3.975986512e+00	1.853978787e+00	-7.377758908e+00
2	3.380209345e+00	-9.548945118e+00	5.311250084e+00	-7.377758908e+00
3	-1.819860331e+01	2.457880284e+00	-1.137678112e+01	-7.377758908e+00
4	6.005445852e+00	-1.822329428e+01	5.985207490e+00	-7.377758908e+00
5	2.418853213e+00	-5.485646153e+00	3.821266685e+00	-7.377758908e+00
6	3.833403631e+00	-1.185448280e+01	5.622334505e+00	-7.377758908e+00
7	4.621383930e+00	-1.379108545e+01	5.775456484e+00	-7.377758908e+00
8	5.190352582e+00	-1.355786349e+01	5.488021367e+00	-7.377758908e+00
9	2.287929736e+00	-7.745875033e+00	4.945828151e+00	-7.377758908e+00
0	2.862869148e+00	1.936865128e+01	-7.816640490e+00	-7.377758908e+00
1	2.363550268e+00	-3.975986512e+00	1.853978787e+00	-7.377758908e+00
2	3.304929071e+00	-9.136285792e+00	5.215922338e+00	-7.377758908e+00
3	-1.819860331e+01	2.457880284e+00	-1.137678112e+01	-7.377758908e+00
4	6.005445852e+00	-1.822329428e+01	5.985207490e+00	-7.377758908e+00
5	2.042626336e+00	-3.895473445e+00	2.659837817e+00	-7.377758908e+00
6	3.389036810e+00	-1.055152078e+01	5.481438475e+00	-7.377758908e+00
7	4.338073705e+00	-1.390721516e+01	5.752095044e+00	-7.377758908e+00
8	5.190352582e+00	-1.355786349e+01	5.488021367e+00	-7.377758908e+00
9	2.287929736e+00	-7.745875033e+00	4.945828151e+00	-7.377758908e+00
0	2.862869148e+00	1.936865128e+01	-7.816640490e+00	-7.377758908e+00
1	2.363550268e+00	-3.975986512e+00	1.853978787e+00	-7.377758908e+00
2	3.304929071e+00	-9.136285792e+00	5.215922338e+00	-7.377758908e+00
3	-1.819860331e+01	2.457880284e+00	-1.137678112e+01	-7.377758908e+00
4	5.786606021e+00	-1.560550137e+01	5.702494913e+00	-7.377758908e+00
5	2.527080994e+00	-5.474821463e+00	3.602779301e+00	-7.377758908e+00
6	3.389036810e+00	-1.055152078e+01	5.481438475e+00	-7.377758908e+00
7	4.987765903e+00	-1.585974858e+01	5.866991662e+00	-7.377758908e+00
8	4.813649807e+00	-1.292915771e+01	5.546430371e+00	-7.377758908e+00
9	2.287929736e+00	-7.745875033e+00	4.945828151e+00	-7.377758908e+00
0	2.862869148e+00	1.936865128e+01	-7.816640490e+00	-7.377758908e+00
1	2.363550268e+00	-3.975986512e+00	1.853978787e+00	-7.377758908e+00
2	4.034942767e+00	-1.313795774e+01	5.680375009e+00	-7.377758908e+00
3	-1.819860331e+01	2.457880284e+00	-1.137678112e+01	-7.377758908e+00
4	5.786606021e+00	-1.560550137e+01	5.702494913e+00	-7.377758908e+00
5	2.315923704e+00	-4.401694522e+00	2.692077101e+00	-7.377758908e+00
6	3.401649857e+00	-1.058365911e+01	5.485629561e+00	-7.377758908e+00
7	4.987765903e+00	-1.585974858e+01	5.866991662e+00	-7.377758908e+00
8	5.118825711e+00	-1.798175704e+01	5.746557007e+00	-7.377758908e+00
9	2.287929736e+00	-7.745875033e+00	4.945828151e+00	-7.377758908e+00
0	2.862869148e+00	1.936865128e+01	-7.816640490e+00	-7.377758908e+00
1	2.327854248e+00	-5.644881283e+00	4.110921549e+00	-7.377758908e+00
2	4.186851102e+00	-1.364280882e+01	5.713989581e+00	-7.377758908e+00
3	-1.819860331e+01	2.457880284e+00	-1.137678112e+01	-7.377758908e+00
4	6.959315827e+00	-1.725748135e+01	5.351863045e+00	-7.377758908e+00
5	3.260742924e+00	-8.979344415e+00	5.184157298e+00	-7.377758908e+00
6	2.730839280e+00	-9.325286175e+00	5.208511298e+00	-7.377758908e+00
7	4.987765903e+00	-1.585974858e+01	5.866991662e+00	-7.377758908e+00
8	5.118825711e+00	-1.798175704e+01	5.746557007e+00	-7.377758908e+00
9	3.589294654e+00	-1.165689397e+01	5.561538592e+00	-7.377758908e+00
0	2.862869148e+00	1.936865128e+01	-7.816640490e+00	-7.377758908e+00
1	2.343431509e+00	-5.711899045e+00	4.146174595e+00	-7.377758908e+00
2	5.222104883e+00	-1.809676187e+01	5.788736343e+00	-7.377758908e+00
3	-1.819860331e+01	2.457880284e+00	-1.137678112e+01	-7.377758908e+00
4	8.334476567e+00	-1.908141194e+01	4.694319217e+00	-7.377758908e+00
5	2.857437486e+00	-7.372588482e+00	4.731472169e+00	-7.377758908e+00
6	2.544599948e+00	-8.786068863e+00	5.106234146e+00	-7.377758908e+00
7	4.987765903e+00	-1.585974858e+01	5.866991662e+00	-7.377758908e+00
8	5.220352083e+00	-1.847365239e+01	5.738479713e+00	-7.377758908e+00
9	3.755022123e+00	-1.300749868e+01	5.553620364e+00	-7.377758908e+00
0	2.862869148e+00	1.936865128e+01	-7.816640490e+00	-7.377758908e+00
1	2.343431509e+00	-5.711899045e+00	4.146174595e+00	-7.377758908e+00
2	5.268537058e+00	-1.854000607e+01	5.757485798e+00	-7.377758908e+00
3	-1.819860331e+01	2.457880284e+00	-1.137678112e+01	-7.377758908e+00
4	8.334476567e+00	-1.908141194e+01	4.694319217e+00	-7.377758908e+00
5	2.856118864e+00	-1.386444470e+01	4.180592964e+00	-7.377758908e+00
6	2.361099253e+00	-8.459774757e+00	4.981579956e+00	-7.377758908e+00
7	4.987765903e+00	-1.585974858e+01	5.866991662e+00	-7.377758908e+00
8	5.220352083e+00	-1.847365239e+01	5.738479713e+00	-7.377758908e+00
9	5.043771905e+00	-1.471681897e+01	5.817075504e+00	-7.377758908e+00
0	2.862869148e+00	1.936865128e+01	-7.816640490e+00	-7.377758908e+00
1	3.075205922e+00	-9.457450885e+00	5.338733189e+00	-7.377758908e+00
2	5.268537058e+00	-1.854000607e+01	5.757485798e+00	-7.377758908e+00
3	-1.819860331e+01	2.457880284e+00	-1.137678112e+01	-7.377758908e+00
4	7.340024330e+00	-1.776243024e+01	5.187460617e+00	-7.377758908e+00
5	2.856231057e+00	-1.331209717e+01	4.390328916e+00	-7.377758908e+00
6	2.361099253e+00	-8.459774757e+00	4.981579956e+00	-7.377758908e+00
7	4.172751951e+00	-1.507518700e+01	5.553578220e+00	-7.377758908e+00
8	5.060213520e+00	-1.795415517e+01	5.715416362e+00	-7.377758908e+00
9	5.043771905e+00	-1.471681897e+01	5.817075504e+00	-7.377758908e+00
0	2.862869148e+00	1.936865128e+01	-7.816640490e+00	-7.377758908e+00
1	2.790521002e+00	-8.863841238e+00	5.226375866e+00	-7.377758908e+00
2	5.215264244e+00	-1.837156003e+01	5.749631414e+00	-7.377758908e+00
3	-1.819860331e+01	2.457880284e+00	-1.137678112e+01	-7.377758908e+00
4	6.946545191e+00	-1.738473230e+01	5.412995844e+00	-7.377758908e+00
5	3.242116626e+00	-1.382887661e+01	4.836588680e+00	-7.377758908e+00
6	4.628061061e+00	-1.269538071e+01	5.586791293e+00	-7.377758908e+00
7	3.553424714e+00	-1.311690449e+01	5.382730325e+00	-7.377758908e+00
8	5.060213520e+00	-1.795415517e+01	5.715416362e+00	-7.377758908e+00
9	5.043771905e+00	-1.471681897e+01	5.817075504e+00	-7.377758908e+00
0	2.862869148e+00	1.936865128e+01	-7.816640490e+00	-7.377758908e+00
1	2.790521002e+00	-8.863841238e+00	5.226375866e+00	-7.377758908e+00
2	5.168523541e+00	-1.762168429e+01	5.815561744e+00	-7.377758908e+00
3	-1.819860331e+01	2.457880284e+00	-1.137678112e+01	-7.377758908e+00
4	6.156704520e+00	-1.783494038e+01	5.944783541e+00	-7.377758908e+00
5	3.183402116e+00	-1.374219490e+01	4.777477910e+00	-7.377758908e+00
6	5.778820066e+00	-1.509488135e+01	5.562555409e+00	-7.377758908e+00
7	4.248456734e+00	-1.531456184e+01	5.571127721e+00	-7.377758908e+00
8	4.052522093e+00	-1.391826425e+01	5.632148201e+00	-7.377758908e+00
9	5.043771905e+00	-1.471681897e+01	5.817075504e+00	-7.377758908e+00
0	2.862869148e+00	1.936865128e+01	-7.816640490e+00	-7.377758908e+00
1	2.790521002e+00	-8.863841238e+00	5.226375866e+00	-7.377758908e+00
2	7.688361029e+00	-1.978700139e+01	5.622248015e+00	-7.377758908e+00
3	-1.819860331e+01	2.457880284e+00	-1.137678112e+01	-7.377758908e+00
4	6.156704520e+00	-1.783494038e+01	5.944783541e+00	-7.377758908e+00
5	4.243315850e+00	-1.429460340e+01	5.696178921e+00	-7.377758908e+00
6	5.778820066e+00	-1.509488135e+01	5.562555409e+00	-7.377758908e+00
7	4.248456734e+00	-1.531456184e+01	5.571127721e+00	-7.377758908e+00
8	3.922531702e+00	-1.381354348e+01	5.563364955e+00	-7.377758908e+00
9	5.043771905e+00	-1.471681897e+01	5.817075504e+00	-7.377758908e+00
0	2.862869148e+00	1.936865128e+01	-7.816640490e+00	-7.377758908e+00
1	2.003477507e+00	-5.921756165e+00	4.523632327e+00	-7.377758908e+00
2	7.487667186e+00	-1.815850453e+01	5.209361147e+00	-7.377758908e+00
3	-1.819860331e+01	2.457880284e+00	-1.137678112e+01	-7.377758908e+00
4	6.163762436e+00	-1.788611768e+01	5.948555654e+00	-7.377758908e+00
5	3.099734959e+00	-1.215594090e+01	5.113813405e+00	-7.377758908e+00
6	5.424137110e+00	-1.445900532e+01	5.611099096e+00	-7.377758908e+00
7	4.168023652e+00	-1.537501372e+01	5.497356460e+00	-7.377758908e+00
8	3.922531702e+00	-1.381354348e+01	5.563364955e+00	-7.377758908e+00
9	5.789962665e+00	-1.576766349e+01	5.739245769e+00	-7.377758908e+00
0	2.862869148e+00	1.936865128e+01	-7.816640490e+00	-7.377758908e+00
1	1.973910731e+00	-5.792628703e+00	4.477480030e+00	-7.377758908e+00
2	7.487667186e+00	-1.815850453e+01	5.209361147e+00	-7.377758908e+00
3	-1.819860331e+01	2.457880284e+00	-1.137678112e+01	-7.377758908e+00
4	6.039299646e+00	-1.718074347e+01	5.895404011e+00	-7.377758908e+00
5	3.017093946e+00	-1.198945269e+01	5.054194791e+00	-7.377758908e+00
6	5.271105110e+00	-1.391156795e+01	5.547026651e+00	-7.377758908e+00
7	4.098868309e+00	-1.507299047e+01	5.495420371e+00	-7.377758908e+00
8	3.916013734e+00	-1.376699028e+01	5.565189664e+00	-7.377758908e+00
9	6.830341271e+00	-1.718524581e+01	5.440729198e+00	-7.377758908e+00
0	2.892328154e+00	1.844176709e+01	-7.816640785e+00	-7.377758908e+00
1	2.145868602e+00	-6.196021724e+00	4.600915874e+00	-7.377758908e+00
2	7.487667186e+00	-1.815850453e+01	5.209361147e+00	-7.377758908e+00
3	-1.819860331e+01	2.457880284e+00	-1.137678112e+01	-7.377758908e+00
4	6.039299646e+00	-1.718074347e+01	5.895404011e+00	-7.377758908e+00
5	3.017093946e+00	-1.198945269e+01	5.054194791e+00	-7.377758908e+00
6	5.271105110e+00	-1.391156795e+01	5.547026651e+00	-7.377758908e+00
7	4.897989108e+00	-1.735083995e+01	5.701621589e+00	-7.377758908e+00
8	3.702792285e+00	-7.058291752e+00	2.685211663e+00	-7.377758908e+00
9	6.830341271e+00	-1.718524581e+01	5.440729198e+00	-7.377758908e+00
0	3.202703388e+00	1.422040706e+01	-7.816641599e+00	-7.377758908e+00
1	2.145868602e+00	-6.196021724e+00	4.600915874e+00	-7.377758908e+00
2	8.368928659e+00	-1.875342476e+01	4.457785223e+00	-7.377758908e+00
3	-1.819860331e+01	2.457880284e+00	-1.137678112e+01	-7.377758908e+00
4	6.869012657e+00	-1.774086447e+01	5.597325537e+00	-7.377758908e+00
5	2.933435385e+00	-1.259107851e+01	4.766297786e+00	-7.377758908e+00
6	5.271105110e+00	-1.391156795e+01	5.547026651e+00	-7.377758908e+00
7	4.416187027e+00	-1.742264585e+01	5.290638409e+00	-7.377758908e+00
8	3.702792285e+00	-7.058291752e+00	2.685211663e+00	-7.377758908e+00
9	6.830341271e+00	-1.718524581e+01	5.440729198e+00	-7.377758908e+00
0	3.202703388e+00	1.422040706e+01	-7.816641599e+00	-7.377758908e+00
1	3.755185612e+00	-1.012969632e+01	5.302117240e+00	-7.377758908e+00
2	8.097571543e+00	-1.857023754e+01	4.711510281e+00	-7.377758908e+00
3	-1.819860331e+01	2.457880284e+00	-1.137678112e+01	-7.377758908e+00
4	6.743542774e+00	-1.743417679e+01	5.594315178e+00	-7.377758908e+00
5	2.533463735e+00	-1.076796632e+01	4.717170952e+00	-7.377758908e+00
6	6.294538507e+00	-1.646479966e+01	5.619599048e+00	-7.377758908e+00
7	4.193802317e+00	-1.833596147e+01	4.774598909e+00	-7.377758908e+00
8	3.702792285e+00	-7.058291752e+00	2.685211663e+00	-7.377758908e+00
9	6.830341271e+00	-1.718524581e+01	5.440729198e+00	-7.377758908e+00
0	3.202703388e+00	1.422040706e+01	-7.816641599e+00	-7.377758908e+00
1	3.755185612e+00	-1.012969632e+01	5.302117240e+00	-7.377758908e+00
2	8.097571543e+00	-1.857023754e+01	4.711510281e+00	-7.377758908e+00
3	-8.867755327e+00	-5.003667715e+00	-1.137678112e+01	-7.377758908e+00
4	5.751361794e+00	-1.660171452e+01	5.894583567e+00	-7.377758908e+00
5	2.533463735e+00	-1.076796632e+01	4.717170952e+00	-7.377758908e+00
6	6.294538507e+00	-1.646479966e+01	5.619599048e+00	-7.377758908e+00
7	4.193802317e+00	-1.833596147e+01	4.774598909e+00	-7.377758908e+00
8	3.714734343e+00	-7.566424325e+00	3.361134606e+00	-7.377758908e+00
9	6.830341271e+00	-1.718524581e+01	5.440729198e+00	-7.377758908e+00
0	3.202703388e+00	1.422040706e+01	-7.816641599e+00	-7.377758908e+00
1	3.755185612e+00	-1.012969632e+01	5.302117240e+00	-7.377758908e+00
2	7.206874030e+00	-1.782292219e+01	5.344859682e+00	-7.377758908e+00
3	-1.025778472e+01	-3.584826202e+00	-1.137678112e+01	-7.377758908e+00
4	5.751361794e+00	-1.660171452e+01	5.894583567e+00	-7.377758908e+00
5	2.275895652e+00	-9.593944329e+00	4.661181671e+00	-7.377758908e+00
6	6.607267148e+00	-1.754347721e+01	5.715458163e+00	-7.377758908e+00
7	4.193802317e+00	-1.833596147e+01	4.774598909e+00	-7.377758908e+00
8	3.804076057e+00	-7.874585743e+00	3.522112604e+00	-7.377758908e+00
9	7.246471785e+00	-1.741029659e+01	5.126321694e+00	-7.377758908e+00
0	3.202703388e+00	1.422040706e+01	-7.816641599e+00	-7.377758908e+00
1	3.755185612e+00	-1.012969632e+01	5.302117240e+00	-7.377758908e+00
2	7.880312692e+00	-1.838795245e+01	4.882349410e+00	-7.377758908e+00
3	-9.230938452e+00	-4.064422983e+00	-1.137678112e+01	-7.377758908e+00
4	5.751361794e+00	-1.660171452e+01	5.894583567e+00	-7.377758908e+00
5	2.275895652e+00	-9.593944329e+00	4.661181671e+00	-7.377758908e+00
6	6.025886817e+00	-1.727252665e+01	5.910759703e+00	-7.377758908e+00
7	4.118761358e+00	-1.693198848e+01	5.085952437e+00	-7.377758908e+00
8	3.804076057e+00	-7.874585743e+00	3.522112604e+00	-7.377758908e+00
9	7.246471785e+00	-1.741029659e+01	5.126321694e+00	-7.377758908e+00
0	3.098313850e+00	1.882127193e+01	-7.816640012e+00	-7.377758908e+00
1	3.755185612e+00	-1.012969632e+01	5.302117240e+00	-7.377758908e+00
2	7.889926538e+00	-1.839167363e+01	4.872730622e+00	-7.377758908e+00
3	-1.774916965e+01	-8.591482283e-02	-1.137678112e+01	-7.377758908e+00
4	5.681977095e+00	-1.654364016e+01	5.902062298e+00	-7.377758908e+00
5	2.741491155e+00	-9.070101972e+00	5.218096540e+00	-7.377758908e+00
6	5.139714109e+00	-1.674047924e+01	5.873985166e+00	-7.377758908e+00
7	4.118761358e+00	-1.693198848e+01	5.085952437e+00	-7.377758908e+00
8	4.649146550e+00	-1.004981969e+01	4.007139861e+00	-7.377758908e+00
9	6.766870130e+00	-1.715091949e+01	5.482348093e+00	-7.377758908e+00
0	3.098313850e+00	1.882127193e+01	-7.816640012e+00	-7.377758908e+00
1	3.755185612e+00	-1.012969632e+01	5.302117240e+00	-7.377758908e+00
2	7.889926538e+00	-1.839167363e+01	4.872730622e+00	-7.377758908e+00
3	-1.774916965e+01	-8.591482283e-02	-1.137678112e+01	-7.377758908e+00
4	5.681977095e+00	-1.654364016e+01	5.902062298e+00	-7.377758908e+00
5	3.363503870e+00	-1.262074393e+01	5.298270283e+00	-7.377758908e+00
6	4.755541460e+00	-1.650982661e+01	5.729572533e+00	-7.377758908e+00
7	4.118761358e+00	-1.693198848e+01	5.085952437e+00	-7.377758908e+00
8	4.641481268e+00	-1.014928280e+01	4.120230651e+00	-7.377758908e+00
9	6.517488633e+00	-1.701132579e+01	5.627286540e+00	-7.377758908e+00
0	3.098313850e+00	1.882127193e+01	-7.816640012e+00	-7.377758908e+00
1	3.567671413e+00	-8.933756875e+00	4.900409126e+00	-7.377758908e+00
2	6.044424660e+00	-1.707402530e+01	5.878766736e+00	-7.377758908e+00
3	-1.328816490e+01	-3.270975492e+00	-1.137678112e+01	-7.377758908e+00
4	5.740986300e+00	-1.690628067e+01	5.926659721e+00	-7.377758908e+00
5	3.399490429e+00	-1.272128339e+01	5.313662456e+00	-7.377758908e+00
6	4.755541460e+00	-1.650982661e+01	5.729572533e+00	-7.377758908e+00
7	5.455898091e+00	-1.798137779e+01	5.899439004e+00	-7.377758908e+00
8	4.641481268e+00	-1.014928280e+01	4.120230651e+00	-7.377758908e+00
9	7.066085799e+00	-1.756308476e+01	5.373287969e+00	-7.377758908e+00
0	3.098313850e+00	1.882127193e+01	-7.816640012e+00	-7.377758908e+00
1	2.165601314e+00	-4.325616372e+00	2.965243227e+00	-7.377758908e+00
2	5.347093836e+00	-1.478212961e+01	5.733231107e+00	-7.377758908e+00
3	-9.789311048e+00	-4.778273522e+00	-1.137678112e+01	-7.377758908e+00
4	5.740986300e+00	-1.690628067e+01	5.926659721e+00	-7.377758908e+00
5	2.442530059e+00	-1.004772196e+01	4.786553952e+00	-7.377758908e+00
6	4.755541460e+00	-1.650982661e+01	5.729572533e+00	-7.377758908e+00
7	5.455898091e+00	-1.798137779e+01	5.899439004e+00	-7.377758908e+00
8	4.641481268e+00	-1.014928280e+01	4.120230651e+00	-7.377758908e+00
9	7.066085799e+00	-1.756308476e+01	5.373287969e+00	-7.377758908e+00
0	3.107239362e+00	1.863098536e+01	-7.816640029e+00	-7.377758908e+00
1	2.219974825e+00	-4.516939791e+00	3.094270636e+00	-7.377758908e+00
2	5.347093836e+00	-1.478212961e+01	5.733231107e+00	-7.377758908e+00
3	-9.789311048e+00	-4.778273522e+00	-1.137678112e+01	-7.377758908e+00
4	5.740986300e+00	-1.690628067e+01	5.926659721e+00	-7.377758908e+00
5	2.442530059e+00	-1.004772196e+01	4.786553952e+00	-7.377758908e+00
6	4.517786823e+00	-1.601026953e+01	5.652104655e+00	-7.377758908e+00
7	5.455898091e+00	-1.798137779e+01	5.899439004e+00	-7.377758908e+00
8	4.641481268e+00	-1.014928280e+01	4.120230651e+00	-7.377758908e+00
9	6.851156510e+00	-1.761891888e+01	5.572488947e+00	-7.377758908e+00
0	3.107239362e+00	1.863098536e+01	-7.816640029e+00	-7.377758908e+00
1	4.531276212e+00	-1.105579413e+01	4.993982561e+00	-7.377758908e+00
2	5.347093836e+00	-1.478212961e+01	5.733231107e+00	-7.377758908e+00
3	-1.765809860e+01	4.223153148e-01	-1.137678112e+01	-7.377758908e+00
4	5.756050267e+00	-1.689720802e+01	5.923849948e+00	-7.377758908e+00
5	2.442530059e+00	-1.004772196e+01	4.786553952e+00	-7.377758908e+00
6	4.517786823e+00	-1.601026953e+01	5.652104655e+00	-7.377758908e+00
7	5.425790905e+00	-1.709611498e+01	5.928027611e+00	-7.377758908e+00
8	4.641481268e+00	-1.014928280e+01	4.120230651e+00	-7.377758908e+00
9	6.851156510e+00	-1.761891888e+01	5.572488947e+00	-7.377758908e+00
0	3.107239362e+00	1.863098536e+01	-7.816640029e+00	-7.377758908e+00
1	4.467922035e+00	-1.354856372e+01	5.761771667e+00	-7.377758908e+00
2	5.347093836e+00	-1.478212961e+01	5.733231107e+00	-7.377758908e+00
3	-1.765809860e+01	4.223153148e-01	-1.137678112e+01	-7.377758908e+00
4	5.756050267e+00	-1.689720802e+01	5.923849948e+00	-7.377758908e+00
5	3.798371798e+00	-1.285042679e+01	5.594105642e+00	-7.377758908e+00
6	4.400960240e+00	-1.618328072e+01	5.539041401e+00	-7.377758908e+00
7	5.079739530e+00	-1.475936037e+01	5.815368102e+00	-7.377758908e+00
8	4.939601580e+00	-1.210665402e+01	5.090846898e+00	-7.377758908e+00
9	6.170442657e+00	-1.722006970e+01	5.858783043e+00	-7.377758908e+00
0	1.341851207e+00	1.708295516e+01	-7.817815475e+00	-7.377758908e+00
1	4.158711968e+00	-1.449380927e+01	5.628522633e+00	-7.377758908e+00
2	5.347093836e+00	-1.478212961e+01	5.733231107e+00	-7.377758908e+00
3	-1.765809860e+01	4.223153148e-01	-1.137678112e+01	-7.377758908e+00
4	5.756050267e+00	-1.689720802e+01	5.923849948e+00	-7.377758908e+00
5	3.798371798e+00	-1.285042679e+01	5.594105642e+00	-7.377758908e+00
6	4.376717411e+00	-1.553090175e+01	5.628311473e+00	-7.377758908e+00
7	4.566130590e+00	-1.313582017e+01	5.703132035e+00	-7.377758908e+00
8	4.939601580e+00	-1.210665402e+01	5.090846898e+00	-7.377758908e+00
9	6.170442657e+00	-1.722006970e+01	5.858783043e+00	-7.377758908e+00
0	2.511923641e+00	3.966544811e+00	-7.819555820e+00	-7.377758908e+00
1	4.158711968e+00	-1.449380927e+01	5.628522633e+00	-7.377758908e+00
2	5.666765330e+00	-1.633651002e+01	5.881989509e+00	-7.377758908e+00
3	-8.258328281e+00	-5.790120879e+00	-1.137678112e+01	-7.377758908e+00
4	5.756050267e+00	-1.689720802e+01	5.923849948e+00	-7.377758908e+00
5	4.009720446e+00	-1.254946926e+01	5.676214090e+00	-7.377758908e+00
6	4.376717411e+00	-1.553090175e+01	5.628311473e+00	-7.377758908e+00
7	4.688998490e+00	-1.158218676e+01	5.100558813e+00	-7.377758908e+00
8	4.519476033e+00	-9.641546114e+00	3.865507680e+00	-7.377758908e+00
9	6.170442657e+00	-1.722006970e+01	5.858783043e+00	-7.377758908e+00
0	3.397248942e+00	-4.219662794e+00	-1.782351557e+00	-7.377758908e+00
1	4.378104748e+00	-1.328919831e+01	5.743674332e+00	-7.377758908e+00
2	5.666765330e+00	-1.633651002e+01	5.881989509e+00	-7.377758908e+00
3	-1.691101204e+01	1.064221248e+00	-1.137678112e+01	-7.377758908e+00
4	5.544052163e+00	-1.673203592e+01	5.930030487e+00	-7.377758908e+00
5	4.034534633e+00	-1.240791564e+01	5.673153236e+00	-7.377758908e+00
6	4.585624833e+00	-1.771514397e+01	5.390282221e+00	-7.377758908e+00
7	4.688998490e+00	-1.158218676e+01	5.100558813e+00	-7.377758908e+00
8	4.940833170e+00	-1.255751145e+01	5.309849127e+00	-7.377758908e+00
9	7.133702554e+00	-1.939027318e+01	5.849814012e+00	-7.377758908e+00
0	3.750827637e+00	-6.280451844e+00	1.198037235e+00	-7.377758908e+00
1	4.278372261e+00	-1.299470582e+01	5.722096970e+00	-7.377758908e+00
2	6.800211242e+00	-1.906466705e+01	5.926595004e+00	-7.377758908e+00
3	-1.941990128e+01	2.628181556e+00	-1.137678112e+01	-7.377758908e+00
4	5.793023859e+00	-1.845502284e+01	5.964775078e+00	-7.377758908e+00
5	3.923964034e+00	-1.254742118e+01	5.657592232e+00	-7.377758908e+00
6	4.629163072e+00	-1.513210527e+01	5.795621079e+00	-7.377758908e+00
7	4.688998490e+00	-1.158218676e+01	5.100558813e+00	-7.377758908e+00
8	4.940833170e+00	-1.255751145e+01	5.309849127e+00	-7.377758908e+00
9	7.133702554e+00	-1.939027318e+01	5.849814012e+00	-7.377758908e+00
0	3.750827637e+00	-6.280451844e+00	1.198037235e+00	-7.377758908e+00
1	4.278372261e+00	-1.299470582e+01	5.722096970e+00	-7.377758908e+00
2	6.202892401e+00	-1.771121115e+01	5.920229287e+00	-7.377758908e+00
3	-1.941990128e+01	2.628181556e+00	-1.137678112e+01	-7.377758908e+00
4	5.262569737e+00	-1.515281228e+01	5.825745737e+00	-7.377758908e+00
5	3.923964034e+00	-1.254742118e+01	5.657592232e+00	-7.377758908e+00
6	4.701774191e+00	-1.453229111e+01	5.819091861e+00	-7.377758908e+00
7	4.688998490e+00	-1.158218676e+01	5.100558813e+00	-7.377758908e+00
8	4.940833170e+00	-1.255751145e+01	5.309849127e+00	-7.377758908e+00
9	6.612340015e+00	-1.736981132e+01	5.666102166e+00	-7.377758908e+00
0	3.775050822e+00	-5.754859271e+00	5.077120679e-02	-7.377758908e+00
1	4.648785667e+00	-1.347840519e+01	5.735475447e+00	-7.377758908e+00
2	6.202892401e+00	-1.771121115e+01	5.920229287e+00	-7.377758908e+00
3	-1.941990128e+01	2.628181556e+00	-1.137678112e+01	-7.377758908e+00
4	5.262569737e+00	-1.515281228e+01	5.825745737e+00	-7.377758908e+00
5	3.836416471e+00	-1.242997640e+01	5.632669490e+00	-7.377758908e+00
6	3.488897875e+00	-1.196378131e+01	5.496224489e+00	-7.377758908e+00
7	4.888299257e+00	-1.282288425e+01	5.459759788e+00	-7.377758908e+00
8	5.030214662e+00	-1.327851082e+01	5.511546038e+00	-7.377758908e+00
9	7.122768715e+00	-1.820819097e+01	5.554625372e+00	-7.377758908e+00
0	3.775050822e+00	-5.754859271e+00	5.077120679e-02	-7.377758908e+00
1	6.195116074e+00	-1.452797304e+01	4.876965322e+00	-7.377758908e+00
2	5.890476221e+00	-1.654948867e+01	5.848167884e+00	-7.377758908e+00
3	-1.408602390e+01	-7.622006444e-01	-1.137678112e+01	-7.377758908e+00
4	5.262569737e+00	-1.515281228e+01	5.825745737e+00	-7.377758908e+00
5	4.136174054e+00	-1.300227864e+01	5.708409142e+00	-7.377758908e+00
6	1.690789778e+00	-8.873929175e+00	3.791817551e+00	-7.377758908e+00
7	5.185303580e+00	-1.470856755e+01	5.780882640e+00	-7.377758908e+00
8	4.220404546e+00	-1.019936481e+01	4.869288455e+00	-7.377758908e+00
9	7.122768715e+00	-1.820819097e+01	5.554625372e+00	-7.377758908e+00
0	3.775050822e+00	-5.754859271e+00	5.077120679e-02	-7.377758908e+00
1	5.752809745e+00	-1.277323898e+01	4.337067631e+00	-7.377758908e+00
2	6.177931548e+00	-1.693641207e+01	5.803464164e+00	-7.377758908e+00
3	-1.408602390e+01	-7.622006444e-01	-1.137678112e+01	-7.377758908e+00
4	5.662304842e+00	-1.580937760e+01	5.804292519e+00	-7.377758908e+00
5	4.136174054e+00	-1.300227864e+01	5.708409142e+00	-7.377758908e+00
6	1.690789778e+00	-8.873929175e+00	3.791817551e+00	-7.377758908e+00
7	5.185303580e+00	-1.470856755e+01	5.780882640e+00	-7.377758908e+00
8	4.653493612e+00	-1.222329305e+01	5.422851652e+00	-7.377758908e+00
9	7.122768715e+00	-1.820819097e+01	5.554625372e+00	-7.377758908e+00
0	4.378041638e+00	-7.894664309e+00	1.875661540e+00	-7.377758908e+00
1	5.752809745e+00	-1.277323898e+01	4.337067631e+00	-7.377758908e+00
2	6.054017907e+00	-1.635979298e+01	5.739025415e+00	-7.377758908e+00
3	-1.148197715e+01	-2.778922354e+00	-1.137678112e+01	-7.377758908e+00
4	5.960280520e+00	-1.649703745e+01	5.812469562e+00	-7.377758908e+00
5	3.837856782e+00	-1.249865311e+01	5.631450342e+00	-7.377758908e+00
6	1.690789778e+00	-8.873929175e+00	3.791817551e+00	-7.377758908e+00
7	4.912507099e+00	-1.563886726e+01	5.855349177e+00	-7.377758908e+00
8	3.587768481e+00	-9.075634741e+00	4.960542128e+00	-7.377758908e+00
9	6.624063039e+00	-1.730738402e+01	5.640614737e+00	-7.377758908e+00
0	4.378041638e+00	-7.894664309e+00	1.875661540e+00	-7.377758908e+00
1	5.514523867e+00	-1.153316019e+01	3.659407478e+00	-7.377758908e+00
2	6.695773784e+00	-1.825524252e+01	5.829422493e+00	-7.377758908e+00
3	-1.148197715e+01	-2.778922354e+00	-1.137678112e+01	-7.377758908e+00
4	5.960280520e+00	-1.649703745e+01	5.812469562e+00	-7.377758908e+00
5	3.968376039e+00	-1.428510138e+01	5.526704953e+00	-7.377758908e+00
6	3.810147896e+00	-1.265800962e+01	5.613377325e+00	-7.377758908e+00
7	4.912507099e+00	-1.563886726e+01	5.855349177e+00	-7.377758908e+00
8	3.587768481e+00	-9.075634741e+00	4.960542128e+00	-7.377758908e+00
9	6.624063039e+00	-1.730738402e+01	5.640614737e+00	-7.377758908e+00
0	5.524206293e+00	-1.322178079e+01	4.993001918e+00	-7.377758908e+00
1	5.174882596e+00	-1.384948698e+01	5.592042005e+00	-7.377758908e+00
2	6.743815807e+00	-1.889025252e+01	5.919811932e+00	-7.377758908e+00
3	-1.148197715e+01	-2.778922354e+00	-1.137678112e+01	-7.377758908e+00
4	5.738189574e+00	-1.402386697e+01	5.165469147e+00	-7.377758908e+00
5	3.968376039e+00	-1.428510138e+01	5.526704953e+00	-7.377758908e+00
6	3.933512597e+00	-1.162325853e+01	5.599223738e+00	-7.377758908e+00
7	4.330982465e+00	-1.960481958e+01	4.570058676e+00	-7.377758908e+00
8	2.359103696e+00	-8.562251904e+00	4.970677218e+00	-7.377758908e+00
9	6.624063039e+00	-1.730738402e+01	5.640614737e+00	-7.377758908e+00
0	5.061517653e+00	-1.569689021e+01	5.878703657e+00	-7.377758908e+00
1	5.174882596e+00	-1.384948698e+01	5.592042005e+00	-7.377758908e+00
2	5.924967098e+00	-1.677284091e+01	5.871435237e+00	-7.377758908e+00
3	-1.031859550e+01	-3.645315333e+00	-1.137678112e+01	-7.377758908e+00
4	6.112121122e+00	-1.452127634e+01	4.981184665e+00	-7.377758908e+00
5	3.968376039e+00	-1.428510138e+01	5.526704953e+00	-7.377758908e+00
6	3.929015021e+00	-1.127986621e+01	5.542103425e+00	-7.377758908e+00
7	4.330982465e+00	-1.960481958e+01	4.570058676e+00	-7.377758908e+00
8	2.359103696e+00	-8.562251904e+00	4.970677218e+00	-7.377758908e+00
9	6.754415141e+00	-1.740705391e+01	5.577839611e+00	-7.377758908e+00
0	4.969787950e+00	-1.557048250e+01	5.866295627e+00	-7.377758908e+00
1	5.348225636e+00	-1.162363136e+01	4.097350750e+00	-7.377758908e+00
2	6.355808555e+00	-1.732064129e+01	5.799221675e+00	-7.377758908e+00
3	-1.670614967e+01	2.538024807e-01	-1.137678112e+01	-7.377758908e+00
4	6.263937920e+00	-1.520337752e+01	5.157227712e+00	-7.377758908e+00
5	4.856073057e+00	-1.541377819e+01	5.847376733e+00	-7.377758908e+00
6	3.929015021e+00	-1.127986621e+01	5.542103425e+00	-7.377758908e+00
7	4.790214361e+00	-1.878891778e+01	5.343703562e+00	-7.377758908e+00
8	4.026729955e+00	-1.240204953e+01	5.672172438e+00	-7.377758908e+00
9	6.204439967e+00	-1.621437288e+01	5.607177225e+00	-7.377758908e+00
0	4.786924368e+00	-1.481662213e+01	5.834467199e+00	-7.377758908e+00
1	5.336851872e+00	-1.156264896e+01	4.063316780e+00	-7.377758908e+00
2	6.366148860e+00	-1.739353471e+01	5.809338875e+00	-7.377758908e+00
3	-1.670614967e+01	2.538024807e-01	-1.137678112e+01	-7.377758908e+00
4	6.629934801e+00	-1.567163203e+01	4.966341446e+00	-7.377758908e+00
5	5.424282965e+00	-1.570366493e+01	5.859062049e+00	-7.377758908e+00
6	4.249659779e+00	-1.260173344e+01	5.687039006e+00	-7.377758908e+00
7	5.112184492e+00	-1.800557082e+01	5.739462379e+00	-7.377758908e+00
8	4.000819013e+00	-1.230795491e+01	5.664616751e+00	-7.377758908e+00
9	6.181211880e+00	-1.608983147e+01	5.585385388e+00	-7.377758908e+00
0	4.729238340e+00	-1.425105086e+01	5.806479385e+00	-7.377758908e+00
1	5.336851872e+00	-1.156264896e+01	4.063316780e+00	-7.377758908e+00
2	6.366148860e+00	-1.739353471e+01	5.809338875e+00	-7.377758908e+00
3	-1.907988746e+01	1.709993970e+00	-1.137678112e+01	-7.377758908e+00
4	8.131335729e+00	-1.759251661e+01	4.031106851e+00	-7.377758908e+00
5	5.394406861e+00	-1.428863713e+01	5.579999585e+00	-7.377758908e+00
6	4.249659779e+00	-1.260173344e+01	5.687039006e+00	-7.377758908e+00
7	5.112184492e+00	-1.800557082e+01	5.739462379e+00	-7.377758908e+00
8	8.245747907e-01	-8.244284497e+00	1.618667295e+00	-7.377758908e+00
9	6.545064821e+00	-1.672093191e+01	5.514131916e+00	-7.377758908e+00
0	4.811243369e+00	-1.425568467e+01	5.801434891e+00	-7.377758908e+00
1	5.336851872e+00	-1.156264896e+01	4.063316780e+00	-7.377758908e+00
2	6.924834564e+00	-1.712085086e+01	5.329362237e+00	-7.377758908e+00
3	-1.907988746e+01	1.709993970e+00	-1.137678112e+01	-7.377758908e+00
4	8.030605894e+00	-1.737516428e+01	4.034079958e+00	-7.377758908e+00
5	5.394406861e+00	-1.428863713e+01	5.579999585e+00	-7.377758908e+00
6	4.249659779e+00	-1.260173344e+01	5.687039006e+00	-7.377758908e+00
7	5.112184492e+00	-1.800557082e+01	5.739462379e+00	-7.377758908e+00
8	8.245747907e-01	-8.244284497e+00	1.618667295e+00	-7.377758908e+00
9	6.545064821e+00	-1.672093191e+01	5.514131916e+00	-7.377758908e+00
0	4.592023215e+00	-1.410918685e+01	5.795998481e+00	-7.377758908e+00
1	5.240508792e+00	-1.432553753e+01	5.680951789e+00	-7.377758908e+00
2	6.924834564e+00	-1.712085086e+01	5.329362237e+00	-7.377758908e+00
3	-1.716104244e+01	4.276912134e-01	-1.137678112e+01	-7.377758908e+00
4	8.647727247e+00	-1.815427776e+01	3.592119411e+00	-7.377758908e+00
5	5.394406861e+00	-1.428863713e+01	5.579999585e+00	-7.377758908e+00
6	4.249659779e+00	-1.260173344e+01	5.687039006e+00	-7.377758908e+00
7	5.250627196e+00	-1.904260675e+01	5.671419563e+00	-7.377758908e+00
8	2.354303088e+00	-1.062565939e+01	4.464879349e+00	-7.377758908e+00
9	6.545064821e+00	-1.672093191e+01	5.514131916e+00	-7.377758908e+00
0	6.123235494e+00	-1.563639219e+01	5.477835752e+00	-7.377758908e+00
1	5.240508792e+00	-1.432553753e+01	5.680951789e+00	-7.377758908e+00
2	6.783041570e+00	-1.697153485e+01	5.402107238e+00	-7.377758908e+00
3	-1.716104244e+01	4.276912134e-01	-1.137678112e+01	-7.377758908e+00
4	8.647727247e+00	-1.815427776e+01	3.592119411e+00	-7.377758908e+00
5	5.394406861e+00	-1.428863713e+01	5.579999585e+00	-7.377758908e+00
6	4.249659779e+00	-1.260173344e+01	5.687039006e+00	-7.377758908e+00
7	5.250627196e+00	-1.904260675e+01	5.671419563e+00	-7.377758908e+00
8	3.261650813e+00	-1.178880449e+01	5.352121103e+00	-7.377758908e+00
9	6.545064821e+00	-1.672093191e+01	5.514131916e+00	-7.377758908e+00
0	6.123235494e+00	-1.563639219e+01	5.477835752e+00	-7.377758908e+00
1	4.272585686e+00	-1.266520202e+01	5.691939797e+00	-7.377758908e+00
2	5.805984218e+00	-1.529553083e+01	5.605700787e+00	-7.377758908e+00
3	-1.132216755e+01	-3.381889295e+00	-1.137678112e+01	-7.377758908e+00
4	8.647727247e+00	-1.815427776e+01	3.592119411e+00	-7.377758908e+00
5	6.226640076e+00	-1.527750824e+01	5.232989145e+00	-7.377758908e+00
6	4.874912278e+00	-1.373714490e+01	5.713284258e+00	-7.377758908e+00
7	5.464840884e+00	-1.870310349e+01	5.839545620e+00	-7.377758908e+00
8	3.073656806e+00	-1.153603425e+01	5.219885708e+00	-7.377758908e+00
9	6.610067239e+00	-1.688805567e+01	5.519136156e+00	-7.377758908e+00
0	6.064016308e+00	-1.584192289e+01	5.592431819e+00	-7.377758908e+00
1	4.293517708e+00	-1.268491609e+01	5.691854693e+00	-7.377758908e+00
2	5.484665473e+00	-1.475772211e+01	5.656876021e+00	-7.377758908e+00
3	-1.132216755e+01	-3.381889295e+00	-1.137678112e+01	-7.377758908e+00
4	8.647727247e+00	-1.815427776e+01	3.592119411e+00	-7.377758908e+00
5	6.226640076e+00	-1.527750824e+01	5.232989145e+00	-7.377758908e+00
6	4.874912278e+00	-1.373714490e+01	5.713284258e+00	-7.377758908e+00
7	4.972154369e+00	-1.948395312e+01	5.359482116e+00	-7.377758908e+00
8	3.073656806e+00	-1.153603425e+01	5.219885708e+00	-7.377758908e+00
9	6.105047534e+00	-1.768845195e+01	5.939959946e+00	-7.377758908e+00
0	5.847211229e+00	-1.543619251e+01	5.619659847e+00	-7.377758908e+00
1	3.293499611e+00	-1.134374953e+01	5.430981566e+00	-7.377758908e+00
2	5.484665473e+00	-1.475772211e+01	5.656876021e+00	-7.377758908e+00
3	-1.132216755e+01	-3.381889295e+00	-1.137678112e+01	-7.377758908e+00
4	8.647727247e+00	-1.815427776e+01	3.592119411e+00	-7.377758908e+00
5	6.226640076e+00	-1.527750824e+01	5.232989145e+00	-7.377758908e+00
6	4.427129306e+00	-1.318995996e+01	5.733706982e+00	-7.377758908e+00
7	5.518874143e+00	-1.765073447e+01	5.933222596e+00	-7.377758908e+00
8	3.073656806e+00	-1.153603425e+01	5.219885708e+00	-7.377758908e+00
9	5.852764846e+00	-1.649665024e+01	5.852447617e+00	-7.377758908e+00
0	6.340141986e+00	-1.621589197e+01	5.505008182e+00	-7.377758908e+00
1	3.293499611e+00	-1.134374953e+01	5.430981566e+00	-7.377758908e+00
2	3.359531697e+00	-1.247571320e+01	5.322490980e+00	-7.377758908e+00
3	-1.132216755e+01	-3.381889295e+00	-1.137678112e+01	-7.377758908e+00
4	8.647727247e+00	-1.815427776e+01	3.592119411e+00	-7.377758908e+00
5	6.226640076e+00	-1.527750824e+01	5.232989145e+00	-7.377758908e+00
6	4.427129306e+00	-1.318995996e+01	5.733706982e+00	-7.377758908e+00
7	5.518874143e+00	-1.765073447e+01	5.933222596e+00	-7.377758908e+00
8	3.001420982e+00	-1.159921506e+01	5.128321956e+00	-7.377758908e+00
9	5.768699443e+00	-1.634659627e+01	5.856200645e+00	-7.377758908e+00
0	7.966697380e+00	-1.882575589e+01	5.001153560e+00	-7.377758908e+00
1	2.615728632e+00	-1.023994300e+01	4.972305938e+00	-7.377758908e+00
2	3.359531697e+00	-1.247571320e+01	5.322490980e+00	-7.377758908e+00
3	-1.132216755e+01	-3.381889295e+00	-1.137678112e+01	-7.377758908e+00
4	8.039569550e+00	-1.735633932e+01	4.005184912e+00	-7.377758908e+00
5	6.169958908e+00	-1.480889334e+01	5.066017664e+00	-7.377758908e+00
6	4.427129306e+00	-1.318995996e+01	5.733706982e+00	-7.377758908e+00
7	4.910562201e+00	-1.755283553e+01	5.679821051e+00	-7.377758908e+00
8	3.013462979e+00	-1.164165393e+01	5.132621011e+00	-7.377758908e+00
9	4.880303647e+00	-1.482251636e+01	5.839662882e+00	-7.377758908e+00
0	7.866396497e+00	-1.878397925e+01	5.091711511e+00	-7.377758908e+00
1	2.497971305e+00	-1.033437588e+01	4.789318452e+00	-7.377758908e+00
2	3.359531697e+00	-1.247571320e+01	5.322490980e+00	-7.377758908e+00
3	-1.927852554e+01	2.236125601e+00	-1.137678112e+01	-7.377758908e+00
4	8.492558927e+00	-1.797356193e+01	3.717369530e+00	-7.377758908e+00
5	6.169958908e+00	-1.480889334e+01	5.066017664e+00	-7.377758908e+00
6	3.979102405e+00	-9.146615695e+00	4.459938308e+00	-7.377758908e+00
7	5.020826110e+00	-1.854794307e+01	5.591867774e+00	-7.377758908e+00
8	3.014766216e+00	-1.164479486e+01	5.133408737e+00	-7.377758908e+00
9	4.880303647e+00	-1.482251636e+01	5.839662882e+00	-7.377758908e+00
0	7.866396497e+00	-1.878397925e+01	5.091711511e+00	-7.377758908e+00
1	2.497971305e+00	-1.033437588e+01	4.789318452e+00	-7.377758908e+00
2	3.826871282e+00	-1.527654950e+01	5.182407541e+00	-7.377758908e+00
3	-1.927852554e+01	2.236125601e+00	-1.137678112e+01	-7.377758908e+00
4	8.756251329e+00	-1.763227526e+01	2.919377194e+00	-7.377758908e+00
5	6.994443949e+00	-1.549337010e+01	4.332358830e+00	-7.377758908e+00
6	2.234865440e+00	-5.735419457e+00	4.289364398e+00	-7.377758908e+00
7	5.020826110e+00	-1.854794307e+01	5.591867774e+00	-7.377758908e+00
8	3.474433853e+00	-1.512773616e+01	4.765625676e+00	-7.377758908e+00
9	4.880303647e+00	-1.482251636e+01	5.839662882e+00	-7.377758908e+00
0	7.394566415e+00	-1.874484159e+01	5.517930849e+00	-7.377758908e+00
1	2.497971305e+00	-1.033437588e+01	4.789318452e+00	-7.377758908e+00
2	3.757449197e+00	-1.524723669e+01	5.108515190e+00	-7.377758908e+00
3	-1.927852554e+01	2.236125601e+00	-1.137678112e+01	-7.377758908e+00
4	8.756251329e+00	-1.763227526e+01	2.919377194e+00	-7.377758908e+00
5	6.994443949e+00	-1.549337010e+01	4.332358830e+00	-7.377758908e+00
6	2.234865440e+00	-5.735419457e+00	4.289364398e+00	-7.377758908e+00
7	5.020826110e+00	-1.854794307e+01	5.591867774e+00	-7.377758908e+00
8	3.839359853e+00	-1.504850931e+01	5.252914736e+00	-7.377758908e+00
9	4.880303647e+00	-1.482251636e+01	5.839662882e+00	-7.377758908e+00
0	7.394566415e+00	-1.874484159e+01	5.517930849e+00	-7.377758908e+00
1	1.467028086e+00	-6.312963059e+00	4.169982642e+00	-7.377758908e+00
2	4.006751116e+00	-1.526619301e+01	5.374380845e+00	-7.377758908e+00
3	-1.927852554e+01	2.236125601e+00	-1.137678112e+01	-7.377758908e+00
4	8.000663069e+00	-1.708453287e+01	3.860509203e+00	-7.377758908e+00
5	6.994443949e+00	-1.549337010e+01	4.332358830e+00	-7.377758908e+00
6	2.234865440e+00	-5.735419457e+00	4.289364398e+00	-7.377758908e+00
7	5.020826110e+00	-1.854794307e+01	5.591867774e+00	-7.377758908e+00
8	4.100275170e+00	-1.600926777e+01	5.300210425e+00	-7.377758908e+00
9	6.740545680e+00	-1.946023999e+01	5.989972866e+00	-7.377758908e+00
0	7.394566415e+00	-1.874484159e+01	5.517930849e+00	-7.377758908e+00
1	2.563132165e+00	-1.017703476e+01	4.919853191e+00	-7.377758908e+00
2	4.455682868e+00	-1.684880228e+01	5.456307798e+00	-7.377758908e+00
3	-1.927852554e+01	2.236125601e+00	-1.137678112e+01	-7.377758908e+00
4	7.571006733e+00	-1.696608453e+01	4.462514447e+00	-7.377758908e+00
5	6.425833394e+00	-1.481119640e+01	4.732084766e+00	-7.377758908e+00
6	4.222177467e+00	-9.917999070e+00	4.671637837e+00	-7.377758908e+00
7	4.866246972e+00	-1.804769398e+01	5.564464333e+00	-7.377758908e+00
8	4.100275170e+00	-1.600926777e+01	5.300210425e+00	-7.377758908e+00
9	6.740545680e+00	-1.946023999e+01	5.989972866e+00	-7.377758908e+00
0	7.394566415e+00	-1.874484159e+01	5.517930849e+00	-7.377758908e+00
1	2.563132165e+00	-1.017703476e+01	4.919853191e+00	-7.377758908e+00
2	3.966406051e+00	-1.512396544e+01	5.366054366e+00	-7.377758908e+00
3	-1.927852554e+01	2.236125601e+00	-1.137678112e+01	-7.377758908e+00
4	7.501893813e+00	-1.766283625e+01	4.959383802e+00	-7.377758908e+00
5	6.828930147e+00	-1.507853316e+01	4.295916490e+00	-7.377758908e+00
6	4.222177467e+00	-9.917999070e+00	4.671637837e+00	-7.377758908e+00
7	4.905719378e+00	-1.817594620e+01	5.571531749e+00	-7.377758908e+00
8	4.297890576e+00	-1.653516758e+01	5.377385290e+00	-7.377758908e+00
9	6.740545680e+00	-1.946023999e+01	5.989972866e+00	-7.377758908e+00
0	7.778627460e+00	-1.832473770e+01	4.969952297e+00	-7.377758908e+00
1	2.467910195e+00	-9.826240819e+00	4.877349910e+00	-7.377758908e+00
2	3.256940635e+00	-1.452829248e+01	4.631994653e+00	-7.377758908e+00
3	-6.595585302e+00	-8.339721087e+00	-1.137678112e+01	-7.377758908e+00
4	7.501893813e+00	-1.766283625e+01	4.959383802e+00	-7.377758908e+00
5	6.828930147e+00	-1.507853316e+01	4.295916490e+00	-7.377758908e+00
6	4.235525636e+00	-1.060818630e+01	5.091643223e+00	-7.377758908e+00
7	4.905719378e+00	-1.817594620e+01	5.571531749e+00	-7.377758908e+00
8	4.354842066e+00	-1.677762253e+01	5.378403051e+00	-7.377758908e+00
9	6.740545680e+00	-1.946023999e+01	5.989972866e+00	-7.377758908e+00
0	7.778627460e+00	-1.832473770e+01	4.969952297e+00	-7.377758908e+00
1	2.467910195e+00	-9.826240819e+00	4.877349910e+00	-7.377758908e+00
2	3.256940635e+00	-1.452829248e+01	4.631994653e+00	-7.377758908e+00
3	-2.510286412e+00	-9.844811280e+00	-1.092655625e+01	-7.377758908e+00
4	7.198279260e+00	-1.837961470e+01	5.551853968e+00	-7.377758908e+00
5	7.513185227e+00	-1.513339085e+01	3.023007109e+00	-7.377758908e+00
6	5.505993443e+00	-1.279813844e+01	4.754959565e+00	-7.377758908e+00
7	4.905719378e+00	-1.817594620e+01	5.571531749e+00	-7.377758908e+00
8	3.828329371e+00	-1.483797077e+01	5.290903622e+00	-7.377758908e+00
9	5.975383756e+00	-1.824577512e+01	5.985452457e+00	-7.377758908e+00
0	8.343769210e+00	-1.834948480e+01	4.234133346e+00	-7.377758908e+00
1	2.467910195e+00	-9.826240819e+00	4.877349910e+00	-7.377758908e+00
2	4.699721184e+00	-1.473340855e+01	5.822258167e+00	-7.377758908e+00
3	-8.399880631e+00	-4.014008635e+00	-1.137678112e+01	-7.377758908e+00
4	7.459669901e+00	-1.922567770e+01	5.619419417e+00	-7.377758908e+00
5	7.513185227e+00	-1.513339085e+01	3.023007109e+00	-7.377758908e+00
6	5.497471930e+00	-1.287448201e+01	4.817512516e+00	-7.377758908e+00
7	4.905719378e+00	-1.817594620e+01	5.571531749e+00	-7.377758908e+00
8	3.691992728e+00	-1.485433042e+01	5.134576813e+00	-7.377758908e+00
9	5.975383756e+00	-1.824577512e+01	5.985452457e+00	-7.377758908e+00
0	7.050437456e+00	-1.828420274e+01	5.630846028e+00	-7.377758908e+00
1	2.467910195e+00	-9.826240819e+00	4.877349910e+00	-7.377758908e+00
2	4.263286207e+00	-1.402303905e+01	5.723753988e+00	-7.377758908e+00
3	-1.376361352e+01	1.694929731e+00	-1.137678112e+01	-7.377758908e+00
4	7.459669901e+00	-1.922567770e+01	5.619419417e+00	-7.377758908e+00
5	7.513185227e+00	-1.513339085e+01	3.023007109e+00	-7.377758908e+00
6	5.497471930e+00	-1.287448201e+01	4.817512516e+00	-7.377758908e+00
7	6.105320011e+00	-1.866900923e+01	5.998784871e+00	-7.377758908e+00
8	3.788616386e+00	-1.499784233e+01	5.209431619e+00	-7.377758908e+00
9	5.975383756e+00	-1.824577512e+01	5.985452457e+00	-7.377758908e+00
0	7.050437456e+00	-1.828420274e+01	5.630846028e+00	-7.377758908e+00
1	2.890612566e+00	-1.148145243e+01	5.022676553e+00	-7.377758908e+00
2	3.988320355e+00	-1.351392348e+01	5.636695688e+00	-7.377758908e+00
3	-6.627429859e+00	-5.091825450e+00	-1.137678112e+01	-7.377758908e+00
4	7.459669901e+00	-1.922567770e+01	5.619419417e+00	-7.377758908e+00
5	5.809499359e+00	-1.507138848e+01	5.531899989e+00	-7.377758908e+00
6	5.649537820e+00	-1.458356393e+01	5.488710429e+00	-7.377758908e+00
7	5.925663042e+00	-1.821587915e+01	5.982878521e+00	-7.377758908e+00
8	4.301902839e+00	-1.700776172e+01	5.271780634e+00	-7.377758908e+00
9	5.975383756e+00	-1.824577512e+01	5.985452457e+00	-7.377758908e+00
0	7.050437456e+00	-1.828420274e+01	5.630846028e+00	-7.377758908e+00
1	6.631387356e+00	-1.399269943e+01	3.744800687e+00	-7.377758908e+00
2	2.863972442e+00	-1.039346182e+01	5.210638261e+00	-7.377758908e+00
3	-6.627429859e+00	-5.091825450e+00	-1.137678112e+01	-7.377758908e+00
4	7.392459063e+00	-1.903188055e+01	5.609894389e+00	-7.377758908e+00
5	6.107221413e+00	-1.532599919e+01	5.372973512e+00	-7.377758908e+00
6	5.649537820e+00	-1.458356393e+01	5.488710429e+00	-7.377758908e+00
7	6.000970457e+00	-1.827313882e+01	5.986692142e+00	-7.377758908e+00
8	4.794084075e+00	-1.737186923e+01	5.629136566e+00	-7.377758908e+00
9	5.590749532e+00	-1.796122911e+01	5.938400542e+00	-7.377758908e+00
0	7.050437456e+00	-1.828420274e+01	5.630846028e+00	-7.377758908e+00
1	6.818608195e+00	-1.591003306e+01	4.859130622e+00	-7.377758908e+00
2	2.977959001e+00	-1.056681976e+01	5.285220115e+00	-7.377758908e+00
3	-5.403546440e+00	-6.076518848e+00	-1.137677892e+01	-7.377758908e+00
4	7.329885454e+00	-1.885145449e+01	5.600822804e+00	-7.377758908e+00
5	6.187337458e+00	-1.491721760e+01	5.101675503e+00	-7.377758908e+00
6	5.472238048e+00	-1.272215234e+01	4.753874807e+00	-7.377758908e+00
7	4.757109323e+00	-1.773183679e+01	5.536974467e+00	-7.377758908e+00
8	4.208373524e+00	-1.517720250e+01	5.563646598e+00	-7.377758908e+00
9	5.590749532e+00	-1.796122911e+01	5.938400542e+00	-7.377758908e+00
0	7.068001574e+00	-1.835272102e+01	5.638578023e+00	-7.377758908e+00
1	6.818608195e+00	-1.591003306e+01	4.859130622e+00	-7.377758908e+00
2	1.799829030e+00	-8.324048291e+00	4.229139254e+00	-7.377758908e+00
3	-1.388366688e+01	3.915116179e-01	-1.137678112e+01	-7.377758908e+00
4	7.410458693e+00	-1.900489872e+01	5.588703811e+00	-7.377758908e+00
5	6.187337458e+00	-1.491721760e+01	5.101675503e+00	-7.377758908e+00
6	4.767663649e+00	-1.039741119e+01	4.103461900e+00	-7.377758908e+00
7	4.757109323e+00	-1.773183679e+01	5.536974467e+00	-7.377758908e+00
8	3.690542950e+00	-1.413432120e+01	5.307868197e+00	-7.377758908e+00
9	6.147819809e+00	-1.908313694e+01	6.005807725e+00	-7.377758908e+00
