walker	cdf_0	cdf_1	log_l	log_p
0	-1.988312600e+01	1.763674064e+01	-1.137678112e+01	-7.377758908e+00
1	-1.792141268e+01	-1.859440385e+01	-1.137678112e+01	-7.377758908e+00
2	1.145269449e+01	1.850352190e+01	-7.816639694e+00	-7.377758908e+00
3	2.314694197e+00	-6.213224503e+00	4.523483568e+00	-7.377758908e+00
4	-1.193878464e+01	1.772286297e+01	-1.148774479e+01	-7.377758908e+00
5	1.430186577e+01	1.345394990e+00	-7.816639694e+00	-7.377758908e+00
6	-8.881626463e+00	1.907714572e+01	-1.920254414e+01	-7.377758908e+00
7	1.759841840e+01	-1.443043338e+01	-7.816639694e+00	-7.377758908e+00
8	-1.323070275e+01	-6.261425679e+00	-1.137678112e+01	-7.377758908e+00
9	9.954312409e+00	-1.108352756e+01	-7.774418101e+00	-7.377758908e+00
0	-1.267839576e+01	1.147276469e+01	-1.137678113e+01	-7.377758908e+00
1	-1.792141268e+01	-1.859440385e+01	-1.137678112e+01	-7.377758908e+00
2	1.145269449e+01	1.850352190e+01	-7.816639694e+00	-7.377758908e+00
3	2.314694197e+00	-6.213224503e+00	4.523483568e+00	-7.377758908e+00
4	-1.193878464e+01	1.772286297e+01	-1.148774479e+01	-7.377758908e+00
5	1.313933918e+01	-1.978072658e+00	-7.816639694e+00	-7.377758908e+00
6	-3.899033088e+00	1.893658857e+01	-1.402099273e+01	-7.377758908e+00
7	9.193783835e+00	-1.541570412e+01	-1.094593667e+00	-7.377758908e+00
8	-1.202283611e+01	-6.065228827e+00	-1.137678112e+01	-7.377758908e+00
9	4.012230904e-01	1.486188868e+00	-2.858188946e+00	-7.377758908e+00
0	-1.224390110e+01	1.093862056e+01	-1.137678113e+01	-7.377758908e+00
1	-1.792141268e+01	-1.859440385e+01	-1.137678112e+01	-7.377758908e+00
2	1.145269449e+01	1.850352190e+01	-7.816639694e+00	-7.377758908e+00
3	2.314694197e+00	-6.213224503e+00	4.523483568e+00	-7.377758908e+00
4	-1.193878464e+01	1.772286297e+01	-1.148774479e+01	-7.377758908e+00
5	1.938518419e+01	4.656196806e-01	-7.816639694e+00	-7.377758908e+00
6	-3.899033088e+00	1.893658857e+01	-1.402099273e+01	-7.377758908e+00
7	9.193783835e+00	-1.541570412e+01	-1.094593667e+00	-7.377758908e+00
8	-1.108832354e+01	-3.189172807e+00	-1.137678112e+01	-7.377758908e+00
9	4.012230904e-01	1.486188868e+00	-2.858188946e+00	-7.377758908e+00
0	-1.192705565e+01	1.258677294e+01	-1.137678732e+01	-7.377758908e+00
1	-7.542137477e-01	-9.823643636e+00	-5.629945520e+00	-7.377758908e+00
2	4.622049771e+00	1.192994611e+01	-7.816639697e+00	-7.377758908e+00
3	2.314694197e+00	-6.213224503e+00	4.523483568e+00	-7.377758908e+00
4	-1.193878464e+01	1.772286297e+01	-1.148774479e+01	-7.377758908e+00
5	1.938518419e+01	4.656196806e-01	-7.816639694e+00	-7.377758908e+00
6	-2.555008984e+00	1.783143603e+01	-9.983820285e+00	-7.377758908e+00
7	9.193783835e+00	-1.541570412e+01	-1.094593667e+00	-7.377758908e+00
8	-7.674751187e+00	-1.891122473e+00	-1.137678112e+01	-7.377758908e+00
9	4.707791625e-01	1.206309569e+00	-2.430173334e+00	-7.377758908e+00
0	-7.394790818e+00	6.582198213e+00	-1.137714699e+01	-7.377758908e+00
1	2.901308275e+00	-1.133878958e+01	5.070230076e+00	-7.377758908e+00
2	1.167484142e+01	1.165002386e+01	-7.816639694e+00	-7.377758908e+00
3	2.314694197e+00	-6.213224503e+00	4.523483568e+00	-7.377758908e+00
4	-1.189639287e+01	1.752786648e+01	-1.147284281e+01	-7.377758908e+00
5	1.938518419e+01	4.656196806e-01	-7.816639694e+00	-7.377758908e+00
6	-2.555008984e+00	1.783143603e+01	-9.983820285e+00	-7.377758908e+00
7	7.602908111e+00	-1.328751533e+01	3.320623967e-01	-7.377758908e+00
8	-7.674751187e+00	-1.891122473e+00	-1.137678112e+01	-7.377758908e+00
9	4.707791625e-01	1.206309569e+00	-2.430173334e+00	-7.377758908e+00
0	-7.418093777e+00	5.876907515e+00	-1.137684538e+01	-7.377758908e+00
1	2.901308275e+00	-1.133878958e+01	5.070230076e+00	-7.377758908e+00
2	1.453353350e+01	7.503286345e+00	-7.816639694e+00	-7.377758908e+00
3	2.314694197e+00	-6.213224503e+00	4.523483568e+00	-7.377758908e+00
4	-1.316149801e+01	1.919748710e+01	-1.143104055e+01	-7.377758908e+00
5	1.938518419e+01	4.656196806e-01	-7.816639694e+00	-7.377758908e+00
6	-2.555008984e+00	1.783143603e+01	-9.983820285e+00	-7.377758908e+00
7	7.602908111e+00	-1.328751533e+01	3.320623967e-01	-7.377758908e+00
8	-7.832382421e+00	-6.662012007e+00	-1.137678112e+01	-7.377758908e+00
9	1.211126344e+00	-1.772694905e+00	1.447612406e+00	-7.377758908e+00
0	-9.036768637e+00	5.756981166e+00	-1.137678114e+01	-7.377758908e+00
1	2.928626769e+00	-1.157748607e+01	5.046545158e+00	-7.377758908e+00
2	1.453353350e+01	7.503286345e+00	-7.816639694e+00	-7.377758908e+00
3	2.314694197e+00	-6.213224503e+00	4.523483568e+00	-7.377758908e+00
4	-1.362067471e+01	1.925662626e+01	-1.139697377e+01	-7.377758908e+00
5	1.938518419e+01	4.656196806e-01	-7.816639694e+00	-7.377758908e+00
6	-2.555008984e+00	1.783143603e+01	-9.983820285e+00	-7.377758908e+00
7	9.571510828e+00	-1.931836316e+01	2.897263865e+00	-7.377758908e+00
8	-7.200309855e+00	-1.317960974e+01	-1.137678112e+01	-7.377758908e+00
9	1.211126344e+00	-1.772694905e+00	1.447612406e+00	-7.377758908e+00
0	-9.036768637e+00	5.756981166e+00	-1.137678114e+01	-7.377758908e+00
1	2.928626769e+00	-1.157748607e+01	5.046545158e+00	-7.377758908e+00
2	1.719519910e+01	9.457128117e+00	-7.816639694e+00	-7.377758908e+00
3	2.314694197e+00	-6.213224503e+00	4.523483568e+00	-7.377758908e+00
4	-1.669644253e+01	1.965276639e+01	-1.137678159e+01	-7.377758908e+00
5	1.938518419e+01	4.656196806e-01	-7.816639694e+00	-7.377758908e+00
6	-1.886642794e+00	1.460164873e+01	-9.472732435e+00	-7.377758908e+00
7	9.571510828e+00	-1.931836316e+01	2.897263865e+00	-7.377758908e+00
8	-7.200309855e+00	-1.317960974e+01	-1.137678112e+01	-7.377758908e+00
9	1.553960990e+00	-2.024593840e+00	8.919134923e-01	-7.377758908e+00
0	-8.945499874e+00	5.334426980e+00	-1.137678113e+01	-7.377758908e+00
1	2.928626769e+00	-1.157748607e+01	5.046545158e+00	-7.377758908e+00
2	1.864756935e+01	1.159850077e+01	-7.816639694e+00	-7.377758908e+00
3	3.175302800e+00	-8.321706279e+00	4.960046775e+00	-7.377758908e+00
4	-1.669644253e+01	1.965276639e+01	-1.137678159e+01	-7.377758908e+00
5	1.673557941e+01	1.429625698e+00	-7.816639694e+00	-7.377758908e+00
6	-4.931830600e-01	7.697968358e+00	-8.723198762e+00	-7.377758908e+00
7	5.331886181e+00	-1.360531225e+01	5.388222553e+00	-7.377758908e+00
8	-5.171510060e+00	-1.213831111e+01	-1.137678092e+01	-7.377758908e+00
9	2.146683145e+00	-6.143566575e+00	4.578440770e+00	-7.377758908e+00
0	-1.161277163e+01	9.133331052e+00	-1.137678112e+01	-7.377758908e+00
1	4.346060402e+00	-1.359628838e+01	5.754029538e+00	-7.377758908e+00
2	1.689921855e+01	9.347537095e+00	-7.816639694e+00	-7.377758908e+00
3	2.724705005e+00	-8.338924799e+00	5.148114920e+00	-7.377758908e+00
4	-1.669644253e+01	1.965276639e+01	-1.137678159e+01	-7.377758908e+00
5	1.673557941e+01	1.429625698e+00	-7.816639694e+00	-7.377758908e+00
6	1.772675245e-02	5.466909203e+00	-8.307749224e+00	-7.377758908e+00
7	5.331886181e+00	-1.360531225e+01	5.388222553e+00	-7.377758908e+00
8	8.472241599e-01	-8.410668250e+00	1.597595298e+00	-7.377758908e+00
9	2.146683145e+00	-6.143566575e+00	4.578440770e+00	-7.377758908e+00
0	-1.161277163e+01	9.133331052e+00	-1.137678112e+01	-7.377758908e+00
1	4.346060402e+00	-1.359628838e+01	5.754029538e+00	-7.377758908e+00
2	1.661434248e+01	9.048399043e+00	-7.816639694e+00	-7.377758908e+00
3	2.724705005e+00	-8.338924799e+00	5.148114920e+00	-7.377758908e+00
4	-1.669644253e+01	1.965276639e+01	-1.137678159e+01	-7.377758908e+00
5	1.673557941e+01	1.429625698e+00	-7.816639694e+00	-7.377758908e+00
6	7.575155557e-01	2.811848496e+00	-6.939836718e+00	-7.377758908e+00
7	5.331886181e+00	-1.360531225e+01	5.388222553e+00	-7.377758908e+00
8	8.472241599e-01	-8.410668250e+00	1.597595298e+00	-7.377758908e+00
9	2.146683145e+00	-6.143566575e+00	4.578440770e+00	-7.377758908e+00
0	-4.992501203e+00	2.493530139e-01	-1.137590665e+01	-7.377758908e+00
1	5.034113064e+00	-1.592779611e+01	5.875032503e+00	-7.377758908e+00
2	1.356994833e+01	5.677314911e+00	-7.816639694e+00	-7.377758908e+00
3	2.553581022e+00	-7.993262133e+00	5.071420821e+00	-7.377758908e+00
4	-1.669644253e+01	1.965276639e+01	-1.137678159e+01	-7.377758908e+00
5	1.673557941e+01	1.429625698e+00	-7.816639694e+00	-7.377758908e+00
6	6.879829625e-01	3.205985514e+00	-7.305998623e+00	-7.377758908e+00
7	5.331886181e+00	-1.360531225e+01	5.388222553e+00	-7.377758908e+00
8	8.472241599e-01	-8.410668250e+00	1.597595298e+00	-7.377758908e+00
9	2.146683145e+00	-6.143566575e+00	4.578440770e+00	-7.377758908e+00
0	-4.108974755e+00	-1.060872613e+00	-1.134578020e+01	-7.377758908e+00
1	5.150356525e+00	-1.632169406e+01	5.891062718e+00	-7.377758908e+00
2	1.356994833e+01	5.677314911e+00	-7.816639694e+00	-7.377758908e+00
3	2.553581022e+00	-7.993262133e+00	5.071420821e+00	-7.377758908e+00
4	-1.669644253e+01	1.965276639e+01	-1.137678159e+01	-7.377758908e+00
5	1.038956753e+01	-1.864630924e+00	-7.816639694e+00	-7.377758908e+00
6	-9.265738045e-02	7.892195643e+00	-8.297732784e+00	-7.377758908e+00
7	5.331886181e+00	-1.360531225e+01	5.388222553e+00	-7.377758908e+00
8	8.472241599e-01	-8.410668250e+00	1.597595298e+00	-7.377758908e+00
9	2.146683145e+00	-6.143566575e+00	4.578440770e+00	-7.377758908e+00
0	-9.381091415e+00	5.650418506e+00	-1.137678112e+01	-7.377758908e+00
1	5.150356525e+00	-1.632169406e+01	5.891062718e+00	-7.377758908e+00
2	1.207159072e+01	1.762352861e+00	-7.816639694e+00	-7.377758908e+00
3	8.308165539e-01	-9.759033278e+00	7.291700745e-01	-7.377758908e+00
4	-1.669644253e+01	1.965276639e+01	-1.137678159e+01	-7.377758908e+00
5	1.558841531e+01	-6.703704357e+00	-7.816639694e+00	-7.377758908e+00
6	-9.265738045e-02	7.892195643e+00	-8.297732784e+00	-7.377758908e+00
7	3.108877836e+00	-1.024904373e+01	5.388572263e+00	-7.377758908e+00
8	1.915796348e+00	-1.037516793e+01	3.658413390e+00	-7.377758908e+00
9	2.183681669e+00	-6.311756213e+00	4.637182700e+00	-7.377758908e+00
0	-9.381091415e+00	5.650418506e+00	-1.137678112e+01	-7.377758908e+00
1	5.150356525e+00	-1.632169406e+01	5.891062718e+00	-7.377758908e+00
2	1.304652702e+01	-5.846127758e-01	-7.816639694e+00	-7.377758908e+00
3	8.308165539e-01	-9.759033278e+00	7.291700745e-01	-7.377758908e+00
4	-1.669644253e+01	1.965276639e+01	-1.137678159e+01	-7.377758908e+00
5	1.898188440e+01	-6.371658694e+00	-7.816639694e+00	-7.377758908e+00
6	-9.265738045e-02	7.892195643e+00	-8.297732784e+00	-7.377758908e+00
7	3.108877836e+00	-1.024904373e+01	5.388572263e+00	-7.377758908e+00
8	1.915796348e+00	-1.037516793e+01	3.658413390e+00	-7.377758908e+00
9	3.340157673e+00	-7.902177283e+00	4.486906132e+00	-7.377758908e+00
0	-1.181493366e+01	2.319481996e+00	-1.137678112e+01	-7.377758908e+00
1	2.559802348e+00	-1.240467572e+01	4.184469016e+00	-7.377758908e+00
2	8.864272391e+00	-3.725630460e+00	-7.816639692e+00	-7.377758908e+00
3	1.100119494e+00	-1.017111260e+01	1.421348067e+00	-7.377758908e+00
4	-1.669644253e+01	1.965276639e+01	-1.137678159e+01	-7.377758908e+00
5	1.973083963e+01	-6.188707355e+00	-7.816639694e+00	-7.377758908e+00
6	-6.038390821e-01	1.766289398e+01	-7.964222242e+00	-7.377758908e+00
7	3.108877836e+00	-1.024904373e+01	5.388572263e+00	-7.377758908e+00
8	1.915796348e+00	-1.037516793e+01	3.658413390e+00	-7.377758908e+00
9	3.012578545e+00	-8.470923504e+00	5.128506592e+00	-7.377758908e+00
0	-1.357973773e+01	3.951119201e+00	-1.137678112e+01	-7.377758908e+00
1	2.559802348e+00	-1.240467572e+01	4.184469016e+00	-7.377758908e+00
2	6.484645217e+00	-6.422802883e+00	-7.440184416e+00	-7.377758908e+00
3	7.936495346e-01	-5.164954000e+00	3.102218556e+00	-7.377758908e+00
4	-1.669644253e+01	1.965276639e+01	-1.137678159e+01	-7.377758908e+00
5	1.569758591e+01	-7.136505091e+00	-7.816639694e+00	-7.377758908e+00
6	-6.038390821e-01	1.766289398e+01	-7.964222242e+00	-7.377758908e+00
7	3.108877836e+00	-1.024904373e+01	5.388572263e+00	-7.377758908e+00
8	1.915796348e+00	-1.037516793e+01	3.658413390e+00	-7.377758908e+00
9	3.621176781e+00	-7.929875535e+00	4.000739734e+00	-7.377758908e+00
0	-1.357973773e+01	3.951119201e+00	-1.137678112e+01	-7.377758908e+00
1	2.559802348e+00	-1.240467572e+01	4.184469016e+00	-7.377758908e+00
2	4.543473251e+00	-8.102048673e+00	1.671569884e+00	-7.377758908e+00
3	7.936495346e-01	-5.164954000e+00	3.102218556e+00	-7.377758908e+00
4	-1.669644253e+01	1.965276639e+01	-1.137678159e+01	-7.377758908e+00
5	9.683621039e+00	-2.163065686e+00	-7.816639694e+00	-7.377758908e+00
6	9.674219783e-02	1.341916667e+01	-7.910915501e+00	-7.377758908e+00
7	3.108877836e+00	-1.024904373e+01	5.388572263e+00	-7.377758908e+00
8	1.915796348e+00	-1.037516793e+01	3.658413390e+00	-7.377758908e+00
9	3.621176781e+00	-7.929875535e+00	4.000739734e+00	-7.377758908e+00
0	-1.357973773e+01	3.951119201e+00	-1.137678112e+01	-7.377758908e+00
1	3.029277188e+00	-1.138637418e+01	5.203162698e+00	-7.377758908e+00
2	4.543473251e+00	-8.102048673e+00	1.671569884e+00	-7.377758908e+00
3	7.936495346e-01	-5.164954000e+00	3.102218556e+00	-7.377758908e+00
4	-1.669644253e+01	1.965276639e+01	-1.137678159e+01	-7.377758908e+00
5	9.916689369e+00	-2.084365198e+00	-7.816639694e+00	-7.377758908e+00
6	-5.184620870e-01	1.825320676e+01	-7.927665856e+00	-7.377758908e+00
7	3.108877836e+00	-1.024904373e+01	5.388572263e+00	-7.377758908e+00
8	1.948670993e+00	-1.040502300e+01	3.721807550e+00	-7.377758908e+00
9	3.621176781e+00	-7.929875535e+00	4.000739734e+00	-7.377758908e+00
0	-1.357973773e+01	3.951119201e+00	-1.137678112e+01	-7.377758908e+00
1	3.003506311e+00	-1.199203058e+01	5.036463554e+00	-7.377758908e+00
2	4.225444214e+00	-8.042679415e+00	2.594151654e+00	-7.377758908e+00
3	7.936495346e-01	-5.164954000e+00	3.102218556e+00	-7.377758908e+00
4	-1.141442547e+01	1.167804706e+01	-1.137678650e+01	-7.377758908e+00
5	1.311456409e+01	1.255037396e+00	-7.816639694e+00	-7.377758908e+00
6	4.750523923e+00	1.168363700e+01	-7.816639696e+00	-7.377758908e+00
7	3.108877836e+00	-1.024904373e+01	5.388572263e+00	-7.377758908e+00
8	1.948670993e+00	-1.040502300e+01	3.721807550e+00	-7.377758908e+00
9	3.179857836e+00	-7.847490674e+00	4.672527519e+00	-7.377758908e+00
0	-1.428939783e+01	4.607205826e+00	-1.137678112e+01	-7.377758908e+00
1	3.003506311e+00	-1.199203058e+01	5.036463554e+00	-7.377758908e+00
2	4.225444214e+00	-8.042679415e+00	2.594151654e+00	-7.377758908e+00
3	7.936495346e-01	-5.164954000e+00	3.102218556e+00	-7.377758908e+00
4	-1.141442547e+01	1.167804706e+01	-1.137678650e+01	-7.377758908e+00
5	1.670100117e+01	8.163292564e-01	-7.816639694e+00	-7.377758908e+00
6	4.750523923e+00	1.168363700e+01	-7.816639696e+00	-7.377758908e+00
7	3.113100291e+00	-1.010618025e+01	5.390237209e+00	-7.377758908e+00
8	1.948670993e+00	-1.040502300e+01	3.721807550e+00	-7.377758908e+00
9	3.179857836e+00	-7.847490674e+00	4.672527519e+00	-7.377758908e+00
0	-1.518254133e+01	2.410567009e+00	-1.137678112e+01	-7.377758908e+00
1	2.968734492e+00	-1.259037044e+01	4.819467284e+00	-7.377758908e+00
2	4.225444214e+00	-8.042679415e+00	2.594151654e+00	-7.377758908e+00
3	7.936495346e-01	-5.164954000e+00	3.102218556e+00	-7.377758908e+00
4	-1.232322302e+01	9.442907952e+00	-1.137678112e+01	-7.377758908e+00
5	1.670100117e+01	8.163292564e-01	-7.816639694e+00	-7.377758908e+00
6	4.750523923e+00	1.168363700e+01	-7.816639696e+00	-7.377758908e+00
7	3.113100291e+00	-1.010618025e+01	5.390237209e+00	-7.377758908e+00
8	2.081841043e+00	-1.012839016e+01	4.128264415e+00	-7.377758908e+00
9	3.179857836e+00	-7.847490674e+00	4.672527519e+00	-7.377758908e+00
0	-1.518254133e+01	2.410567009e+00	-1.137678112e+01	-7.377758908e+00
1	2.968734492e+00	-1.259037044e+01	4.819467284e+00	-7.377758908e+00
2	4.225444214e+00	-8.042679415e+00	2.594151654e+00	-7.377758908e+00
3	7.936495346e-01	-5.164954000e+00	3.102218556e+00	-7.377758908e+00
4	-1.801543724e+01	1.578215378e+01	-1.137678112e+01	-7.377758908e+00
5	1.670100117e+01	8.163292564e-01	-7.816639694e+00	-7.377758908e+00
6	4.527042346e+00	1.073204002e+01	-7.816639705e+00	-7.377758908e+00
7	3.113100291e+00	-1.010618025e+01	5.390237209e+00	-7.377758908e+00
8	1.947549669e+00	-1.013128235e+01	3.838759845e+00	-7.377758908e+00
9	3.179857836e+00	-7.847490674e+00	4.672527519e+00	-7.377758908e+00
0	-1.518254133e+01	2.410567009e+00	-1.137678112e+01	-7.377758908e+00
1	2.859389656e+00	-1.298605969e+01	4.513884376e+00	-7.377758908e+00
2	3.949760343e+00	-8.554098489e+00	3.958078258e+00	-7.377758908e+00
3	1.848874784e+00	-6.351221112e+00	4.588685236e+00	-7.377758908e+00
4	-1.619983463e+00	8.714277713e+00	-1.064246303e+01	-7.377758908e+00
5	1.077184552e+01	-3.325361020e+00	-7.816639694e+00	-7.377758908e+00
6	4.684201933e+00	1.304820714e+01	-7.816639695e+00	-7.377758908e+00
7	3.113100291e+00	-1.010618025e+01	5.390237209e+00	-7.377758908e+00
8	2.503426774e+00	-9.101095634e+00	5.047415959e+00	-7.377758908e+00
9	3.249145472e+00	-6.736493322e+00	3.479747613e+00	-7.377758908e+00
0	-1.518254133e+01	2.410567009e+00	-1.137678112e+01	-7.377758908e+00
1	2.675481072e+00	-1.177855271e+01	4.621909390e+00	-7.377758908e+00
2	3.940641328e+00	-8.544536772e+00	3.967570333e+00	-7.377758908e+00
3	2.112254037e+00	-8.080516621e+00	4.769882830e+00	-7.377758908e+00
4	-8.008631005e-01	6.115036383e+00	-8.894847038e+00	-7.377758908e+00
5	8.041613160e+00	-4.251207510e+00	-7.816637735e+00	-7.377758908e+00
6	4.684201933e+00	1.304820714e+01	-7.816639695e+00	-7.377758908e+00
7	3.113100291e+00	-1.010618025e+01	5.390237209e+00	-7.377758908e+00
8	2.503426774e+00	-9.101095634e+00	5.047415959e+00	-7.377758908e+00
9	3.249145472e+00	-6.736493322e+00	3.479747613e+00	-7.377758908e+00
0	-1.518254133e+01	2.410567009e+00	-1.137678112e+01	-7.377758908e+00
1	2.675481072e+00	-1.177855271e+01	4.621909390e+00	-7.377758908e+00
2	3.906258826e+00	-9.542992780e+00	4.862404238e+00	-7.377758908e+00
3	2.879025962e+00	-1.183461168e+01	4.913598576e+00	-7.377758908e+00
4	-1.067474709e+00	7.487351188e+00	-9.594900687e+00	-7.377758908e+00
5	7.372912334e+00	-5.189228018e+00	-7.815631433e+00	-7.377758908e+00
6	1.157844738e+01	1.673972824e+01	-7.816639694e+00	-7.377758908e+00
7	3.113100291e+00	-1.010618025e+01	5.390237209e+00	-7.377758908e+00
8	1.776023181e+00	-8.871960884e+00	3.981839395e+00	-7.377758908e+00
9	3.452010004e+00	-4.953473461e+00	-3.429433546e-01	-7.377758908e+00
0	-1.650223921e+01	2.417198470e+00	-1.137678112e+01	-7.377758908e+00
1	2.662021623e+00	-1.177484579e+01	4.600856779e+00	-7.377758908e+00
2	3.906258826e+00	-9.542992780e+00	4.862404238e+00	-7.377758908e+00
3	2.882733997e+00	-1.183563292e+01	4.918448856e+00	-7.377758908e+00
4	8.059986593e-01	2.330224847e+00	-6.273676541e+00	-7.377758908e+00
5	6.194031926e+00	-6.837250918e+00	-6.589283860e+00	-7.377758908e+00
6	1.157844738e+01	1.673972824e+01	-7.816639694e+00	-7.377758908e+00
7	2.921100048e+00	-1.032779943e+01	5.267343480e+00	-7.377758908e+00
8	1.776023181e+00	-8.871960884e+00	3.981839395e+00	-7.377758908e+00
9	4.841705972e+00	-8.778901566e+00	1.813168615e+00	-7.377758908e+00
0	-1.650223921e+01	2.417198470e+00	-1.137678112e+01	-7.377758908e+00
1	2.662021623e+00	-1.177484579e+01	4.600856779e+00	-7.377758908e+00
2	6.214741361e+00	-1.838390098e+01	5.982323874e+00	-7.377758908e+00
3	4.438495393e+00	-1.297950888e+01	5.707725622e+00	-7.377758908e+00
4	9.820146543e-01	2.975299781e-01	-2.169161121e+00	-7.377758908e+00
5	6.194031926e+00	-6.837250918e+00	-6.589283860e+00	-7.377758908e+00
6	1.157844738e+01	1.673972824e+01	-7.816639694e+00	-7.377758908e+00
7	2.921100048e+00	-1.032779943e+01	5.267343480e+00	-7.377758908e+00
8	1.776023181e+00	-8.871960884e+00	3.981839395e+00	-7.377758908e+00
9	4.841705972e+00	-8.778901566e+00	1.813168615e+00	-7.377758908e+00
0	-1.650223921e+01	2.417198470e+00	-1.137678112e+01	-7.377758908e+00
1	2.662021623e+00	-1.177484579e+01	4.600856779e+00	-7.377758908e+00
2	6.214741361e+00	-1.838390098e+01	5.982323874e+00	-7.377758908e+00
3	4.071024976e+00	-1.242233750e+01	5.676256502e+00	-7.377758908e+00
4	9.820146543e-01	2.975299781e-01	-2.169161121e+00	-7.377758908e+00
5	6.194031926e+00	-6.837250918e+00	-6.589283860e+00	-7.377758908e+00
6	1.179015442e+01	1.766673925e+01	-7.816639694e+00	-7.377758908e+00
7	3.060037750e+00	-1.041896608e+01	5.356345693e+00	-7.377758908e+00
8	1.487615172e+00	-8.505282011e+00	3.465445245e+00	-7.377758908e+00
9	4.841705972e+00	-8.778901566e+00	1.813168615e+00	-7.377758908e+00
0	-7.712706850e+00	7.154737962e+00	-1.137717034e+01	-7.377758908e+00
1	2.364981842e+00	-1.219009433e+01	3.873765714e+00	-7.377758908e+00
2	6.214741361e+00	-1.838390098e+01	5.982323874e+00	-7.377758908e+00
3	4.071024976e+00	-1.242233750e+01	5.676256502e+00	-7.377758908e+00
4	9.820146543e-01	2.975299781e-01	-2.169161121e+00	-7.377758908e+00
5	1.032822151e+01	-5.372026497e+00	-7.816639694e+00	-7.377758908e+00
6	1.179015442e+01	1.766673925e+01	-7.816639694e+00	-7.377758908e+00
7	2.912519474e+00	-1.012664399e+01	5.280466938e+00	-7.377758908e+00
8	1.487615172e+00	-8.505282011e+00	3.465445245e+00	-7.377758908e+00
9	4.472508575e+00	-7.910698743e+00	1.584002112e+00	-7.377758908e+00
0	-1.399067829e+01	1.491663450e+01	-1.137678135e+01	-7.377758908e+00
1	2.076029385e+00	-1.177294463e+01	3.399772508e+00	-7.377758908e+00
2	6.214741361e+00	-1.838390098e+01	5.982323874e+00	-7.377758908e+00
3	4.071024976e+00	-1.242233750e+01	5.676256502e+00	-7.377758908e+00
4	9.820146543e-01	2.975299781e-01	-2.169161121e+00	-7.377758908e+00
5	9.752226942e+00	-1.444918988e+01	-4.398303441e+00	-7.377758908e+00
6	1.179015442e+01	1.766673925e+01	-7.816639694e+00	-7.377758908e+00
7	3.633922950e+00	-1.402201646e+01	5.274304716e+00	-7.377758908e+00
8	1.705165013e+00	-9.418959678e+00	3.586882061e+00	-7.377758908e+00
9	3.730631495e+00	-8.315037486e+00	4.166164353e+00	-7.377758908e+00
0	-1.399067829e+01	1.491663450e+01	-1.137678135e+01	-7.377758908e+00
1	2.076029385e+00	-1.177294463e+01	3.399772508e+00	-7.377758908e+00
2	6.214741361e+00	-1.838390098e+01	5.982323874e+00	-7.377758908e+00
3	4.071024976e+00	-1.242233750e+01	5.676256502e+00	-7.377758908e+00
4	9.820146543e-01	2.975299781e-01	-2.169161121e+00	-7.377758908e+00
5	1.212656580e+01	-1.527698425e+01	-7.688980302e+00	-7.377758908e+00
6	9.860806108e+00	5.191566368e+00	-7.816639694e+00	-7.377758908e+00
7	3.633922950e+00	-1.402201646e+01	5.274304716e+00	-7.377758908e+00
8	1.705165013e+00	-9.418959678e+00	3.586882061e+00	-7.377758908e+00
9	2.299331718e+00	-7.128197227e+00	4.876662173e+00	-7.377758908e+00
0	-1.399067829e+01	1.491663450e+01	-1.137678135e+01	-7.377758908e+00
1	1.069794038e+00	-1.016563830e+01	1.322335245e+00	-7.377758908e+00
2	5.277166079e+00	-1.652002138e+01	5.909921037e+00	-7.377758908e+00
3	4.071024976e+00	-1.242233750e+01	5.676256502e+00	-7.377758908e+00
4	2.230943706e+00	-6.446329745e+00	4.677267374e+00	-7.377758908e+00
5	7.418246808e+00	-1.310041339e+01	6.018308453e-01	-7.377758908e+00
6	1.130509226e+01	9.648035328e+00	-7.816639694e+00	-7.377758908e+00
7	3.633922950e+00	-1.402201646e+01	5.274304716e+00	-7.377758908e+00
8	1.694048055e+00	-9.396859405e+00	3.569879670e+00	-7.377758908e+00
9	4.231210978e+00	-9.742557387e+00	4.521155344e+00	-7.377758908e+00
0	-1.399067829e+01	1.491663450e+01	-1.137678135e+01	-7.377758908e+00
1	1.069794038e+00	-1.016563830e+01	1.322335245e+00	-7.377758908e+00
2	5.721789859e+00	-1.777632361e+01	5.963211732e+00	-7.377758908e+00
3	4.071024976e+00	-1.242233750e+01	5.676256502e+00	-7.377758908e+00
4	2.800628857e+00	-9.522466652e+00	5.244173204e+00	-7.377758908e+00
5	7.418246808e+00	-1.310041339e+01	6.018308453e-01	-7.377758908e+00
6	1.130509226e+01	9.648035328e+00	-7.816639694e+00	-7.377758908e+00
7	3.552438676e+00	-1.460583632e+01	5.029895896e+00	-7.377758908e+00
8	1.694048055e+00	-9.396859405e+00	3.569879670e+00	-7.377758908e+00
9	4.077113544e+00	-1.084663721e+01	5.344422524e+00	-7.377758908e+00
0	-1.399067829e+01	1.491663450e+01	-1.137678135e+01	-7.377758908e+00
1	1.017858599e+00	-1.018493731e+01	1.133694358e+00	-7.377758908e+00
2	5.721789859e+00	-1.777632361e+01	5.963211732e+00	-7.377758908e+00
3	4.071024976e+00	-1.242233750e+01	5.676256502e+00	-7.377758908e+00
4	3.893731242e+00	-9.116273955e+00	4.576954975e+00	-7.377758908e+00
5	7.418246808e+00	-1.310041339e+01	6.018308453e-01	-7.377758908e+00
6	1.130509226e+01	9.648035328e+00	-7.816639694e+00	-7.377758908e+00
7	3.545134991e+00	-1.465816588e+01	5.005678655e+00	-7.377758908e+00
8	1.694048055e+00	-9.396859405e+00	3.569879670e+00	-7.377758908e+00
9	4.172281812e+00	-1.086722158e+01	5.277422544e+00	-7.377758908e+00
0	-1.399067829e+01	1.491663450e+01	-1.137678135e+01	-7.377758908e+00
1	1.017858599e+00	-1.018493731e+01	1.133694358e+00	-7.377758908e+00
2	5.721789859e+00	-1.777632361e+01	5.963211732e+00	-7.377758908e+00
3	5.939421721e+00	-1.480048150e+01	5.313980512e+00	-7.377758908e+00
4	3.893731242e+00	-9.116273955e+00	4.576954975e+00	-7.377758908e+00
5	7.418246808e+00	-1.310041339e+01	6.018308453e-01	-7.377758908e+00
6	6.761396651e+00	6.444137988e-01	-7.816639694e+00	-7.377758908e+00
7	3.717376276e+00	-1.361701076e+01	5.436498911e+00	-7.377758908e+00
8	6.940171356e+00	-1.752907568e+01	5.471435572e+00	-7.377758908e+00
9	4.172281812e+00	-1.086722158e+01	5.277422544e+00	-7.377758908e+00
0	-1.399067829e+01	1.491663450e+01	-1.137678135e+01	-7.377758908e+00
1	9.662619802e-01	-1.020411042e+01	9.433347477e-01	-7.377758908e+00
2	6.161300920e+00	-1.895650155e+01	6.005955914e+00	-7.377758908e+00
3	6.550161523e+00	-1.544242427e+01	4.940291143e+00	-7.377758908e+00
4	3.777479948e+00	-8.945075649e+00	4.626680756e+00	-7.377758908e+00
5	6.958238362e+00	-1.362924246e+01	2.623063730e+00	-7.377758908e+00
6	6.761396651e+00	6.444137988e-01	-7.816639694e+00	-7.377758908e+00
7	3.760733968e+00	-1.251048362e+01	5.599570287e+00	-7.377758908e+00
8	6.759984371e+00	-1.756564129e+01	5.622342193e+00	-7.377758908e+00
9	4.172281812e+00	-1.086722158e+01	5.277422544e+00	-7.377758908e+00
0	-1.399067829e+01	1.491663450e+01	-1.137678135e+01	-7.377758908e+00
1	2.504871985e+00	-1.115419287e+01	4.545918111e+00	-7.377758908e+00
2	6.161300920e+00	-1.895650155e+01	6.005955914e+00	-7.377758908e+00
3	6.935212054e+00	-1.584714721e+01	4.662437571e+00	-7.377758908e+00
4	4.305588828e+00	-1.047151002e+01	4.928890184e+00	-7.377758908e+00
5	7.279671075e+00	-1.410260266e+01	2.397677091e+00	-7.377758908e+00
6	4.476680298e+00	-3.632587875e+00	-6.862535142e+00	-7.377758908e+00
7	3.760733968e+00	-1.251048362e+01	5.599570287e+00	-7.377758908e+00
8	6.759984371e+00	-1.756564129e+01	5.622342193e+00	-7.377758908e+00
9	5.409160500e+00	-1.215504668e+01	4.440022632e+00	-7.377758908e+00
0	-1.399067829e+01	1.491663450e+01	-1.137678135e+01	-7.377758908e+00
1	2.215422551e+00	-1.084758593e+01	4.116107605e+00	-7.377758908e+00
2	5.869121554e+00	-1.835606292e+01	5.978557234e+00	-7.377758908e+00
3	5.816439302e+00	-1.466205772e+01	5.373834026e+00	-7.377758908e+00
4	3.921863123e+00	-1.054055237e+01	5.340454558e+00	-7.377758908e+00
5	7.279671075e+00	-1.410260266e+01	2.397677091e+00	-7.377758908e+00
6	4.511683012e+00	-2.233448362e+00	-7.726834531e+00	-7.377758908e+00
7	3.760733968e+00	-1.251048362e+01	5.599570287e+00	-7.377758908e+00
8	6.759984371e+00	-1.756564129e+01	5.622342193e+00	-7.377758908e+00
9	5.409160500e+00	-1.215504668e+01	4.440022632e+00	-7.377758908e+00
0	-1.399067829e+01	1.491663450e+01	-1.137678135e+01	-7.377758908e+00
1	2.215422551e+00	-1.084758593e+01	4.116107605e+00	-7.377758908e+00
2	5.869121554e+00	-1.835606292e+01	5.978557234e+00	-7.377758908e+00
3	5.816439302e+00	-1.466205772e+01	5.373834026e+00	-7.377758908e+00
4	2.674486238e+00	-8.767788489e+00	5.179705788e+00	-7.377758908e+00
5	7.106614010e+00	-1.414747623e+01	2.870927539e+00	-7.377758908e+00
6	4.901896884e+00	-4.894494817e+00	-6.145220126e+00	-7.377758908e+00
7	3.238346334e+00	-1.262312186e+01	5.164205269e+00	-7.377758908e+00
8	6.289805086e+00	-1.435927419e+01	4.635566175e+00	-7.377758908e+00
9	5.409160500e+00	-1.215504668e+01	4.440022632e+00	-7.377758908e+00
0	-1.399067829e+01	1.491663450e+01	-1.137678135e+01	-7.377758908e+00
1	2.215422551e+00	-1.084758593e+01	4.116107605e+00	-7.377758908e+00
2	5.869121554e+00	-1.835606292e+01	5.978557234e+00	-7.377758908e+00
3	5.358675192e+00	-1.417715904e+01	5.569974218e+00	-7.377758908e+00
4	3.861287996e+00	-1.115951671e+01	5.536538102e+00	-7.377758908e+00
5	7.279909439e+00	-1.355811600e+01	1.684537615e+00	-7.377758908e+00
6	4.896086241e+00	-4.811326080e+00	-6.258936085e+00	-7.377758908e+00
7	4.894599199e+00	-1.327579549e+01	5.597661093e+00	-7.377758908e+00
8	9.462440009e+00	-1.893913398e+01	2.756968828e+00	-7.377758908e+00
9	5.393730003e+00	-1.277309181e+01	4.898224578e+00	-7.377758908e+00
0	-1.399067829e+01	1.491663450e+01	-1.137678135e+01	-7.377758908e+00
1	3.373987408e+00	-1.268945528e+01	5.294897013e+00	-7.377758908e+00
2	5.869121554e+00	-1.835606292e+01	5.978557234e+00	-7.377758908e+00
3	5.358675192e+00	-1.417715904e+01	5.569974218e+00	-7.377758908e+00
4	2.517076375e+00	-6.341547113e+00	4.417987256e+00	-7.377758908e+00
5	8.015610090e+00	-1.537198220e+01	2.119416922e+00	-7.377758908e+00
6	4.896086241e+00	-4.811326080e+00	-6.258936085e+00	-7.377758908e+00
7	4.894599199e+00	-1.327579549e+01	5.597661093e+00	-7.377758908e+00
8	9.462440009e+00	-1.893913398e+01	2.756968828e+00	-7.377758908e+00
9	5.153140842e+00	-1.301540315e+01	5.306630693e+00	-7.377758908e+00
0	-1.399067829e+01	1.491663450e+01	-1.137678135e+01	-7.377758908e+00
1	3.387416569e+00	-1.271995375e+01	5.302086172e+00	-7.377758908e+00
2	5.869121554e+00	-1.835606292e+01	5.978557234e+00	-7.377758908e+00
3	4.830766508e+00	-1.393975859e+01	5.760281566e+00	-7.377758908e+00
4	2.005436908e+00	-3.987527760e+00	2.880274482e+00	-7.377758908e+00
5	8.015610090e+00	-1.537198220e+01	2.119416922e+00	-7.377758908e+00
6	4.896086241e+00	-4.811326080e+00	-6.258936085e+00	-7.377758908e+00
7	4.894599199e+00	-1.327579549e+01	5.597661093e+00	-7.377758908e+00
8	9.541495363e+00	-1.913404455e+01	2.785109078e+00	-7.377758908e+00
9	3.709259278e+00	-1.182670181e+01	5.598227448e+00	-7.377758908e+00
0	-1.399067829e+01	1.491663450e+01	-1.137678135e+01	-7.377758908e+00
1	3.387416569e+00	-1.271995375e+01	5.302086172e+00	-7.377758908e+00
2	6.062214451e+00	-1.936267252e+01	5.988912194e+00	-7.377758908e+00
3	4.820833766e+00	-1.404307515e+01	5.776400793e+00	-7.377758908e+00
4	2.005436908e+00	-3.987527760e+00	2.880274482e+00	-7.377758908e+00
5	8.015610090e+00	-1.537198220e+01	2.119416922e+00	-7.377758908e+00
6	4.987700657e+00	-4.837435025e+00	-6.457410749e+00	-7.377758908e+00
7	4.925167148e+00	-1.295783943e+01	5.479403367e+00	-7.377758908e+00
8	9.541495363e+00	-1.913404455e+01	2.785109078e+00	-7.377758908e+00
9	3.709259278e+00	-1.182670181e+01	5.598227448e+00	-7.377758908e+00
0	-1.478285796e+01	1.627082166e+01	-1.137678138e+01	-7.377758908e+00
1	4.286986738e+00	-1.368897400e+01	5.742389961e+00	-7.377758908e+00
2	6.062214451e+00	-1.936267252e+01	5.988912194e+00	-7.377758908e+00
3	4.249898998e+00	-1.327334123e+01	5.732713063e+00	-7.377758908e+00
4	2.520332695e+00	-6.356529225e+00	4.424952311e+00	-7.377758908e+00
5	7.649856657e+00	-1.486857311e+01	2.409404461e+00	-7.377758908e+00
6	4.987700657e+00	-4.837435025e+00	-6.457410749e+00	-7.377758908e+00
7	5.636199897e+00	-1.514235130e+01	5.669946986e+00	-7.377758908e+00
8	8.944522926e+00	-1.852386515e+01	3.368330125e+00	-7.377758908e+00
9	3.709259278e+00	-1.182670181e+01	5.598227448e+00	-7.377758908e+00
0	-1.478285796e+01	1.627082166e+01	-1.137678138e+01	-7.377758908e+00
1	4.364481621e+00	-1.518492435e+01	5.667473460e+00	-7.377758908e+00
2	6.041503279e+00	-1.915749690e+01	5.991099072e+00	-7.377758908e+00
3	4.398684231e+00	-1.367145956e+01	5.763017024e+00	-7.377758908e+00
4	2.956194191e+00	-7.181556903e+00	4.485759719e+00	-7.377758908e+00
5	7.059633524e+00	-1.494882026e+01	3.778025634e+00	-7.377758908e+00
6	3.864279668e+00	-5.529096072e+00	-8.062567430e-01	-7.377758908e+00
7	5.395420555e+00	-1.275706621e+01	4.885985596e+00	-7.377758908e+00
8	8.944522926e+00	-1.852386515e+01	3.368330125e+00	-7.377758908e+00
9	3.902512299e+00	-1.234380669e+01	5.651187036e+00	-7.377758908e+00
0	-1.478285796e+01	1.627082166e+01	-1.137678138e+01	-7.377758908e+00
1	4.364481621e+00	-1.518492435e+01	5.667473460e+00	-7.377758908e+00
2	5.627735502e+00	-1.845355710e+01	5.923585167e+00	-7.377758908e+00
3	4.054393287e+00	-1.319251344e+01	5.685201092e+00	-7.377758908e+00
4	4.363766200e+00	-1.264519035e+01	5.674164896e+00	-7.377758908e+00
5	7.140965981e+00	-1.492051721e+01	3.593286547e+00	-7.377758908e+00
6	3.864279668e+00	-5.529096072e+00	-8.062567430e-01	-7.377758908e+00
7	5.665632072e+00	-1.543392170e+01	5.725726455e+00	-7.377758908e+00
8	6.911089620e+00	-1.704145201e+01	5.309912841e+00	-7.377758908e+00
9	3.902512299e+00	-1.234380669e+01	5.651187036e+00	-7.377758908e+00
0	-1.478285796e+01	1.627082166e+01	-1.137678138e+01	-7.377758908e+00
1	4.364481621e+00	-1.518492435e+01	5.667473460e+00	-7.377758908e+00
2	5.819805268e+00	-1.916485352e+01	5.937117324e+00	-7.377758908e+00
3	3.846621196e+00	-1.185751520e+01	5.623866868e+00	-7.377758908e+00
4	3.402641480e+00	-1.368703504e+01	5.092550133e+00	-7.377758908e+00
5	5.802836673e+00	-1.108525968e+01	2.382015145e+00	-7.377758908e+00
6	3.864279668e+00	-5.529096072e+00	-8.062567430e-01	-7.377758908e+00
7	5.665632072e+00	-1.543392170e+01	5.725726455e+00	-7.377758908e+00
8	7.305628048e+00	-1.765749122e+01	5.176498504e+00	-7.377758908e+00
9	3.902512299e+00	-1.234380669e+01	5.651187036e+00	-7.377758908e+00
0	-6.906981993e+00	3.799884319e+00	-1.137678376e+01	-7.377758908e+00
1	3.585260805e+00	-1.740589479e+01	4.157048066e+00	-7.377758908e+00
2	4.962933522e+00	-1.769107178e+01	5.692882278e+00	-7.377758908e+00
3	3.842814595e+00	-1.322171941e+01	5.583987634e+00	-7.377758908e+00
4	3.394019259e+00	-1.383940449e+01	5.040545130e+00	-7.377758908e+00
5	5.802836673e+00	-1.108525968e+01	2.382015145e+00	-7.377758908e+00
6	3.864279668e+00	-5.529096072e+00	-8.062567430e-01	-7.377758908e+00
7	5.843942712e+00	-1.574643614e+01	5.705552747e+00	-7.377758908e+00
8	5.802211817e+00	-1.619001993e+01	5.819131972e+00	-7.377758908e+00
9	4.226289068e+00	-1.397647886e+01	5.711948295e+00	-7.377758908e+00
0	-6.906981993e+00	3.799884319e+00	-1.137678376e+01	-7.377758908e+00
1	3.554408175e+00	-1.742856229e+01	4.095690230e+00	-7.377758908e+00
2	4.962933522e+00	-1.769107178e+01	5.692882278e+00	-7.377758908e+00
3	3.842814595e+00	-1.322171941e+01	5.583987634e+00	-7.377758908e+00
4	3.671137198e+00	-1.388504565e+01	5.342158868e+00	-7.377758908e+00
5	5.802836673e+00	-1.108525968e+01	2.382015145e+00	-7.377758908e+00
6	3.864279668e+00	-5.529096072e+00	-8.062567430e-01	-7.377758908e+00
7	5.771779814e+00	-1.579945438e+01	5.755238483e+00	-7.377758908e+00
8	5.803336682e+00	-1.620445649e+01	5.821259823e+00	-7.377758908e+00
9	3.634769395e+00	-1.506126248e+01	5.006841468e+00	-7.377758908e+00
0	-6.551443578e+00	3.240314429e+00	-1.137678367e+01	-7.377758908e+00
1	3.557253628e+00	-1.734474026e+01	4.131255656e+00	-7.377758908e+00
2	4.962933522e+00	-1.769107178e+01	5.692882278e+00	-7.377758908e+00
3	3.842814595e+00	-1.322171941e+01	5.583987634e+00	-7.377758908e+00
4	3.671137198e+00	-1.388504565e+01	5.342158868e+00	-7.377758908e+00
5	5.802836673e+00	-1.108525968e+01	2.382015145e+00	-7.377758908e+00
6	2.609373217e+00	-4.472540560e+00	1.921703221e+00	-7.377758908e+00
7	5.748837709e+00	-1.928189135e+01	5.903490766e+00	-7.377758908e+00
8	3.229983876e+00	-1.215434352e+01	5.257617847e+00	-7.377758908e+00
9	3.634769395e+00	-1.506126248e+01	5.006841468e+00	-7.377758908e+00
0	-5.356169405e+00	2.233965697e+00	-1.137644220e+01	-7.377758908e+00
1	3.557253628e+00	-1.734474026e+01	4.131255656e+00	-7.377758908e+00
2	4.962933522e+00	-1.769107178e+01	5.692882278e+00	-7.377758908e+00
3	3.324995191e+00	-1.115558400e+01	5.463043836e+00	-7.377758908e+00
4	4.131219130e+00	-1.524058741e+01	5.491546676e+00	-7.377758908e+00
5	6.116737332e+00	-1.095482621e+01	1.240418528e+00	-7.377758908e+00
6	1.555779764e+00	-2.525296564e+00	1.797185512e+00	-7.377758908e+00
7	5.748837709e+00	-1.928189135e+01	5.903490766e+00	-7.377758908e+00
8	3.229983876e+00	-1.215434352e+01	5.257617847e+00	-7.377758908e+00
9	3.634769395e+00	-1.506126248e+01	5.006841468e+00	-7.377758908e+00
0	-1.512164131e+00	-4.846199096e+00	-6.107493518e+00	-7.377758908e+00
1	3.752820910e+00	-1.662779220e+01	4.690999594e+00	-7.377758908e+00
2	4.812464017e+00	-1.724774271e+01	5.661697146e+00	-7.377758908e+00
3	1.395752389e+00	-4.687498780e+00	4.032886372e+00	-7.377758908e+00
4	4.115971790e+00	-1.529648403e+01	5.468026438e+00	-7.377758908e+00
5	6.116737332e+00	-1.095482621e+01	1.240418528e+00	-7.377758908e+00
6	1.555779764e+00	-2.525296564e+00	1.797185512e+00	-7.377758908e+00
7	5.748837709e+00	-1.928189135e+01	5.903490766e+00	-7.377758908e+00
8	3.229983876e+00	-1.215434352e+01	5.257617847e+00	-7.377758908e+00
9	3.945213919e+00	-1.729068283e+01	4.755623445e+00	-7.377758908e+00
0	-1.512164131e+00	-4.846199096e+00	-6.107493518e+00	-7.377758908e+00
1	2.913381970e+00	-1.551159209e+01	3.628816469e+00	-7.377758908e+00
2	4.063685741e+00	-1.562112042e+01	5.352136097e+00	-7.377758908e+00
3	2.342433063e+00	-8.567149035e+00	4.954293974e+00	-7.377758908e+00
4	4.154285026e+00	-1.505860279e+01	5.542238411e+00	-7.377758908e+00
5	6.116737332e+00	-1.095482621e+01	1.240418528e+00	-7.377758908e+00
6	1.555779764e+00	-2.525296564e+00	1.797185512e+00	-7.377758908e+00
7	5.748837709e+00	-1.928189135e+01	5.903490766e+00	-7.377758908e+00
8	3.343225757e+00	-1.232886106e+01	5.334224782e+00	-7.377758908e+00
9	3.666284265e+00	-1.528758276e+01	4.982752439e+00	-7.377758908e+00
0	-1.512164131e+00	-4.846199096e+00	-6.107493518e+00	-7.377758908e+00
1	3.393780970e+00	-1.555733418e+01	4.497317207e+00	-7.377758908e+00
2	4.098080175e+00	-1.540757044e+01	5.430213598e+00	-7.377758908e+00
3	1.979918675e+00	-7.426871040e+00	4.698937442e+00	-7.377758908e+00
4	4.154285026e+00	-1.505860279e+01	5.542238411e+00	-7.377758908e+00
5	6.116737332e+00	-1.095482621e+01	1.240418528e+00	-7.377758908e+00
6	1.555779764e+00	-2.525296564e+00	1.797185512e+00	-7.377758908e+00
7	5.748837709e+00	-1.928189135e+01	5.903490766e+00	-7.377758908e+00
8	3.288016879e+00	-1.202605818e+01	5.336813249e+00	-7.377758908e+00
9	3.478076785e+00	-1.537589357e+01	4.690632532e+00	-7.377758908e+00
0	-1.512164131e+00	-4.846199096e+00	-6.107493518e+00	-7.377758908e+00
1	3.393780970e+00	-1.555733418e+01	4.497317207e+00	-7.377758908e+00
2	4.072075228e+00	-1.556903133e+01	5.371819554e+00	-7.377758908e+00
3	2.083524062e+00	-8.022657340e+00	4.744392173e+00	-7.377758908e+00
4	4.154285026e+00	-1.505860279e+01	5.542238411e+00	-7.377758908e+00
5	6.116737332e+00	-1.095482621e+01	1.240418528e+00	-7.377758908e+00
6	1.555779764e+00	-2.525296564e+00	1.797185512e+00	-7.377758908e+00
7	5.345921646e+00	-1.864467362e+01	5.786771609e+00	-7.377758908e+00
8	3.262811323e+00	-1.118448921e+01	5.425425855e+00	-7.377758908e+00
9	4.198964926e+00	-1.920082769e+01	4.510006756e+00	-7.377758908e+00
0	-1.512164131e+00	-4.846199096e+00	-6.107493518e+00	-7.377758908e+00
1	3.997164258e+00	-1.408177861e+01	5.577638016e+00	-7.377758908e+00
2	4.068819506e+00	-1.556117054e+01	5.370381553e+00	-7.377758908e+00
3	2.083524062e+00	-8.022657340e+00	4.744392173e+00	-7.377758908e+00
4	4.157057913e+00	-1.504229722e+01	5.547089270e+00	-7.377758908e+00
5	5.247222770e+00	-1.102479835e+01	3.716904154e+00	-7.377758908e+00
6	1.555779764e+00	-2.525296564e+00	1.797185512e+00	-7.377758908e+00
7	5.345921646e+00	-1.864467362e+01	5.786771609e+00	-7.377758908e+00
8	3.262811323e+00	-1.118448921e+01	5.425425855e+00	-7.377758908e+00
9	4.184632500e+00	-1.787208404e+01	4.901412114e+00	-7.377758908e+00
0	-1.512164131e+00	-4.846199096e+00	-6.107493518e+00	-7.377758908e+00
1	3.997164258e+00	-1.408177861e+01	5.577638016e+00	-7.377758908e+00
2	4.096174760e+00	-1.612594621e+01	5.268084111e+00	-7.377758908e+00
3	4.768199015e+00	-1.039431957e+01	4.099420415e+00	-7.377758908e+00
4	4.157057913e+00	-1.504229722e+01	5.547089270e+00	-7.377758908e+00
5	5.291797869e+00	-1.446614145e+01	5.688539623e+00	-7.377758908e+00
6	1.555779764e+00	-2.525296564e+00	1.797185512e+00	-7.377758908e+00
7	5.345921646e+00	-1.864467362e+01	5.786771609e+00	-7.377758908e+00
8	3.292917042e+00	-1.129230597e+01	5.435147063e+00	-7.377758908e+00
9	4.178294002e+00	-1.722160841e+01	5.078028571e+00	-7.377758908e+00
0	-1.512164131e+00	-4.846199096e+00	-6.107493518e+00	-7.377758908e+00
1	4.454795668e+00	-1.624801224e+01	5.569575988e+00	-7.377758908e+00
2	4.144547059e+00	-1.571338379e+01	5.409690306e+00	-7.377758908e+00
3	4.651271985e+00	-1.139157834e+01	5.039963477e+00	-7.377758908e+00
4	4.206065573e+00	-1.525496890e+01	5.549017164e+00	-7.377758908e+00
5	5.195215395e+00	-1.415745013e+01	5.663323412e+00	-7.377758908e+00
6	2.680167366e+00	-5.745830359e+00	3.593858259e+00	-7.377758908e+00
7	5.399282105e+00	-1.920183000e+01	5.741772556e+00	-7.377758908e+00
8	3.292917042e+00	-1.129230597e+01	5.435147063e+00	-7.377758908e+00
9	4.145468922e+00	-1.678364530e+01	5.156767993e+00	-7.377758908e+00
0	-1.512164131e+00	-4.846199096e+00	-6.107493518e+00	-7.377758908e+00
1	4.630424911e+00	-1.655066110e+01	5.646532019e+00	-7.377758908e+00
2	4.231897673e+00	-1.586390863e+01	5.457983155e+00	-7.377758908e+00
3	4.772257008e+00	-1.200676929e+01	5.225034709e+00	-7.377758908e+00
4	5.188321300e+00	-1.704294775e+01	5.871972942e+00	-7.377758908e+00
5	5.195215395e+00	-1.415745013e+01	5.663323412e+00	-7.377758908e+00
6	2.731603997e+00	-4.832062231e+00	2.144520155e+00	-7.377758908e+00
7	5.399282105e+00	-1.920183000e+01	5.741772556e+00	-7.377758908e+00
8	2.614079715e+00	-6.919872822e+00	4.689573333e+00	-7.377758908e+00
9	4.145468922e+00	-1.678364530e+01	5.156767993e+00	-7.377758908e+00
0	-1.489308004e+00	-4.846122958e+00	-6.005868171e+00	-7.377758908e+00
1	4.638909252e+00	-1.655814767e+01	5.651103277e+00	-7.377758908e+00
2	4.427077110e+00	-1.482816782e+01	5.736915638e+00	-7.377758908e+00
3	4.867495214e+00	-1.249104149e+01	5.349253382e+00	-7.377758908e+00
4	5.188321300e+00	-1.704294775e+01	5.871972942e+00	-7.377758908e+00
5	5.195215395e+00	-1.415745013e+01	5.663323412e+00	-7.377758908e+00
6	2.731603997e+00	-4.832062231e+00	2.144520155e+00	-7.377758908e+00
7	5.399282105e+00	-1.920183000e+01	5.741772556e+00	-7.377758908e+00
8	2.614079715e+00	-6.919872822e+00	4.689573333e+00	-7.377758908e+00
9	4.312829022e+00	-1.710642674e+01	5.259277012e+00	-7.377758908e+00
0	-1.489308004e+00	-4.846122958e+00	-6.005868171e+00	-7.377758908e+00
1	4.638909252e+00	-1.655814767e+01	5.651103277e+00	-7.377758908e+00
2	4.306260543e+00	-1.546929401e+01	5.588589758e+00	-7.377758908e+00
3	4.867495214e+00	-1.249104149e+01	5.349253382e+00	-7.377758908e+00
4	5.191096021e+00	-1.699760953e+01	5.875617601e+00	-7.377758908e+00
5	5.195215395e+00	-1.415745013e+01	5.663323412e+00	-7.377758908e+00
6	2.731603997e+00	-4.832062231e+00	2.144520155e+00	-7.377758908e+00
7	5.130263612e+00	-1.799159552e+01	5.751811962e+00	-7.377758908e+00
8	2.614079715e+00	-6.919872822e+00	4.689573333e+00	-7.377758908e+00
9	4.312829022e+00	-1.710642674e+01	5.259277012e+00	-7.377758908e+00
0	-1.489308004e+00	-4.846122958e+00	-6.005868171e+00	-7.377758908e+00
1	3.711657185e+00	-1.085741522e+01	5.513590927e+00	-7.377758908e+00
2	5.957783558e+00	-1.849650547e+01	5.987732044e+00	-7.377758908e+00
3	4.867495214e+00	-1.249104149e+01	5.349253382e+00	-7.377758908e+00
4	5.191096021e+00	-1.699760953e+01	5.875617601e+00	-7.377758908e+00
5	5.195215395e+00	-1.415745013e+01	5.663323412e+00	-7.377758908e+00
6	2.731603997e+00	-4.832062231e+00	2.144520155e+00	-7.377758908e+00
7	4.940178583e+00	-1.743705281e+01	5.715367660e+00	-7.377758908e+00
8	3.329023721e+00	-1.053199118e+01	5.468582089e+00	-7.377758908e+00
9	3.873532876e+00	-1.369636116e+01	5.545531107e+00	-7.377758908e+00
0	-9.222866858e-01	-5.529924033e+00	-3.854817851e+00	-7.377758908e+00
1	3.962492991e+00	-1.107074732e+01	5.481981478e+00	-7.377758908e+00
2	5.957783558e+00	-1.849650547e+01	5.987732044e+00	-7.377758908e+00
3	5.180267338e+00	-1.288931752e+01	5.220927400e+00	-7.377758908e+00
4	5.191096021e+00	-1.699760953e+01	5.875617601e+00	-7.377758908e+00
5	5.195215395e+00	-1.415745013e+01	5.663323412e+00	-7.377758908e+00
6	2.652509001e+00	-4.832325713e+00	2.393185184e+00	-7.377758908e+00
7	4.749624992e+00	-1.777077811e+01	5.523396591e+00	-7.377758908e+00
8	3.156167375e+00	-1.038497944e+01	5.407887167e+00	-7.377758908e+00
9	3.962702750e+00	-1.364128955e+01	5.609917473e+00	-7.377758908e+00
0	1.106761440e+00	-7.831480674e+00	2.755132395e+00	-7.377758908e+00
1	4.209645113e+00	-1.173224439e+01	5.541745695e+00	-7.377758908e+00
2	6.544649667e+00	-1.884902939e+01	5.969320602e+00	-7.377758908e+00
3	5.497955351e+00	-1.518037764e+01	5.749883090e+00	-7.377758908e+00
4	5.187468898e+00	-1.949837924e+01	5.543979353e+00	-7.377758908e+00
5	5.089475324e+00	-1.501490476e+01	5.841616346e+00	-7.377758908e+00
6	2.652509001e+00	-4.832325713e+00	2.393185184e+00	-7.377758908e+00
7	4.749624992e+00	-1.777077811e+01	5.523396591e+00	-7.377758908e+00
8	2.110906753e+00	-5.695435406e+00	4.367719380e+00	-7.377758908e+00
9	4.590996079e+00	-1.617796429e+01	5.675271226e+00	-7.377758908e+00
0	2.684767928e+00	-1.086722362e+01	4.909630436e+00	-7.377758908e+00
1	4.433048276e+00	-1.423053662e+01	5.770475751e+00	-7.377758908e+00
2	6.544649667e+00	-1.884902939e+01	5.969320602e+00	-7.377758908e+00
3	6.041843102e+00	-1.458214222e+01	5.099648970e+00	-7.377758908e+00
4	5.187468898e+00	-1.949837924e+01	5.543979353e+00	-7.377758908e+00
5	4.944482783e+00	-1.456124606e+01	5.815644612e+00	-7.377758908e+00
6	2.825674604e+00	-4.496339107e+00	1.203133618e+00	-7.377758908e+00
7	4.645412312e+00	-1.735958603e+01	5.517046775e+00	-7.377758908e+00
8	3.376143545e+00	-1.137189879e+01	5.477570874e+00	-7.377758908e+00
9	4.431579305e+00	-1.690707800e+01	5.422348574e+00	-7.377758908e+00
0	3.096963017e+00	-1.228877577e+01	5.077782894e+00	-7.377758908e+00
1	4.368516854e+00	-1.377993736e+01	5.759981182e+00	-7.377758908e+00
2	6.544649667e+00	-1.884902939e+01	5.969320602e+00	-7.377758908e+00
3	6.347901692e+00	-1.495072186e+01	4.922106749e+00	-7.377758908e+00
4	5.187468898e+00	-1.949837924e+01	5.543979353e+00	-7.377758908e+00
5	4.995010250e+00	-1.408847110e+01	5.736314956e+00	-7.377758908e+00
6	3.592099800e+00	-9.913997106e+00	5.324538413e+00	-7.377758908e+00
7	4.645412312e+00	-1.735958603e+01	5.517046775e+00	-7.377758908e+00
8	3.376143545e+00	-1.137189879e+01	5.477570874e+00	-7.377758908e+00
9	4.021565138e+00	-1.895820561e+01	4.323779989e+00	-7.377758908e+00
0	2.282038364e+00	-1.151607842e+01	3.981230892e+00	-7.377758908e+00
1	4.368516854e+00	-1.377993736e+01	5.759981182e+00	-7.377758908e+00
2	6.222831424e+00	-1.786039004e+01	5.933259898e+00	-7.377758908e+00
3	6.361843235e+00	-1.462638205e+01	4.705642479e+00	-7.377758908e+00
4	4.681402195e+00	-1.750159135e+01	5.519312233e+00	-7.377758908e+00
5	4.995010250e+00	-1.408847110e+01	5.736314956e+00	-7.377758908e+00
6	3.541787546e+00	-1.025365071e+01	5.433655762e+00	-7.377758908e+00
7	4.134200660e+00	-1.534249771e+01	5.474899423e+00	-7.377758908e+00
8	3.376143545e+00	-1.137189879e+01	5.477570874e+00	-7.377758908e+00
9	3.753472431e+00	-1.781123848e+01	4.292674964e+00	-7.377758908e+00
0	2.165537144e+00	-1.163282734e+01	3.674585174e+00	-7.377758908e+00
1	4.756409894e+00	-1.543443542e+01	5.821667093e+00	-7.377758908e+00
2	6.222831424e+00	-1.786039004e+01	5.933259898e+00	-7.377758908e+00
3	6.361843235e+00	-1.462638205e+01	4.705642479e+00	-7.377758908e+00
4	4.681402195e+00	-1.750159135e+01	5.519312233e+00	-7.377758908e+00
5	4.702580918e+00	-1.331679724e+01	5.693972689e+00	-7.377758908e+00
6	3.541787546e+00	-1.025365071e+01	5.433655762e+00	-7.377758908e+00
7	4.134200660e+00	-1.534249771e+01	5.474899423e+00	-7.377758908e+00
8	3.738756870e+00	-1.307478596e+01	5.535058066e+00	-7.377758908e+00
9	3.402566806e+00	-1.792833454e+01	3.630547746e+00	-7.377758908e+00
0	2.165537144e+00	-1.163282734e+01	3.674585174e+00	-7.377758908e+00
1	4.664245829e+00	-1.548816080e+01	5.786460831e+00	-7.377758908e+00
2	5.726463367e+00	-1.726200695e+01	5.950701160e+00	-7.377758908e+00
3	5.873038137e+00	-1.478351722e+01	5.370713102e+00	-7.377758908e+00
4	4.247016219e+00	-1.473889980e+01	5.652110085e+00	-7.377758908e+00
5	4.698129445e+00	-1.419638277e+01	5.803418308e+00	-7.377758908e+00
6	3.541787546e+00	-1.025365071e+01	5.433655762e+00	-7.377758908e+00
7	4.659421767e+00	-1.633220325e+01	5.696404355e+00	-7.377758908e+00
8	3.738756870e+00	-1.307478596e+01	5.535058066e+00	-7.377758908e+00
9	3.402566806e+00	-1.792833454e+01	3.630547746e+00	-7.377758908e+00
0	1.177092049e+00	-1.048106924e+01	1.498740877e+00	-7.377758908e+00
1	5.265816495e+00	-1.432468188e+01	5.667572852e+00	-7.377758908e+00
2	5.184370927e+00	-1.741744036e+01	5.842209617e+00	-7.377758908e+00
3	5.808341179e+00	-1.587750322e+01	5.754651833e+00	-7.377758908e+00
4	4.247016219e+00	-1.473889980e+01	5.652110085e+00	-7.377758908e+00
5	4.698129445e+00	-1.419638277e+01	5.803418308e+00	-7.377758908e+00
6	3.148164497e+00	-7.750211068e+00	4.645579713e+00	-7.377758908e+00
7	4.853336001e+00	-1.625545913e+01	5.804003118e+00	-7.377758908e+00
8	4.151991712e+00	-1.453685791e+01	5.618769858e+00	-7.377758908e+00
9	3.402566806e+00	-1.792833454e+01	3.630547746e+00	-7.377758908e+00
0	2.469274613e+00	-1.143953943e+01	4.381443189e+00	-7.377758908e+00
1	5.415341670e+00	-1.362477047e+01	5.318347825e+00	-7.377758908e+00
2	4.977720421e+00	-1.705974012e+01	5.783270632e+00	-7.377758908e+00
3	5.700944417e+00	-1.603036289e+01	5.828494457e+00	-7.377758908e+00
4	3.868257163e+00	-1.379152747e+01	5.528009055e+00	-7.377758908e+00
5	4.509046151e+00	-1.341000151e+01	5.748601857e+00	-7.377758908e+00
6	3.148164497e+00	-7.750211068e+00	4.645579713e+00	-7.377758908e+00
7	4.583183572e+00	-1.752001387e+01	5.430373868e+00	-7.377758908e+00
8	3.523655710e+00	-1.261707759e+01	5.441010103e+00	-7.377758908e+00
9	3.775996407e+00	-1.749773455e+01	4.436861489e+00	-7.377758908e+00
0	2.469274613e+00	-1.143953943e+01	4.381443189e+00	-7.377758908e+00
1	5.415341670e+00	-1.362477047e+01	5.318347825e+00	-7.377758908e+00
2	5.309973319e+00	-1.761805103e+01	5.874640411e+00	-7.377758908e+00
3	5.700944417e+00	-1.603036289e+01	5.828494457e+00	-7.377758908e+00
4	3.868257163e+00	-1.379152747e+01	5.528009055e+00	-7.377758908e+00
5	4.930821081e+00	-1.262498837e+01	5.347947929e+00	-7.377758908e+00
6	3.505615615e+00	-1.074909635e+01	5.510638451e+00	-7.377758908e+00
7	3.499592409e+00	-1.896412657e+01	3.415997165e+00	-7.377758908e+00
8	3.700882066e+00	-1.491416733e+01	5.129393010e+00	-7.377758908e+00
9	3.775996407e+00	-1.749773455e+01	4.436861489e+00	-7.377758908e+00
0	4.343415227e+00	-1.447194140e+01	5.727619224e+00	-7.377758908e+00
1	4.865578464e+00	-1.515700727e+01	5.849272211e+00	-7.377758908e+00
2	6.337648527e+00	-1.769865606e+01	5.876649460e+00	-7.377758908e+00
3	5.538947336e+00	-1.615385190e+01	5.887151870e+00	-7.377758908e+00
4	4.639066661e+00	-1.370844353e+01	5.765664881e+00	-7.377758908e+00
5	5.022162778e+00	-1.315503025e+01	5.475310370e+00	-7.377758908e+00
6	3.280489173e+00	-1.089908269e+01	5.452325359e+00	-7.377758908e+00
7	3.499592409e+00	-1.896412657e+01	3.415997165e+00	-7.377758908e+00
8	3.850742994e+00	-1.501524115e+01	5.273056807e+00	-7.377758908e+00
9	3.775996407e+00	-1.749773455e+01	4.436861489e+00	-7.377758908e+00
0	4.343415227e+00	-1.447194140e+01	5.727619224e+00	-7.377758908e+00
1	4.865578464e+00	-1.515700727e+01	5.849272211e+00	-7.377758908e+00
2	5.446872406e+00	-1.571743857e+01	5.855808703e+00	-7.377758908e+00
3	5.512624664e+00	-1.600110547e+01	5.875538243e+00	-7.377758908e+00
4	4.920565782e+00	-1.429054695e+01	5.788399802e+00	-7.377758908e+00
5	5.189367665e+00	-1.412529460e+01	5.658380880e+00	-7.377758908e+00
6	3.034233386e+00	-1.048288368e+01	5.335174474e+00	-7.377758908e+00
7	3.394493014e+00	-1.952363496e+01	2.986872628e+00	-7.377758908e+00
8	4.554496227e+00	-1.548988808e+01	5.737238771e+00	-7.377758908e+00
9	3.464448039e+00	-1.782968516e+01	3.784592316e+00	-7.377758908e+00
0	4.773290917e+00	-1.463969001e+01	5.827924024e+00	-7.377758908e+00
1	5.262037591e+00	-1.368342436e+01	5.476644210e+00	-7.377758908e+00
2	5.503574964e+00	-1.606802875e+01	5.884396737e+00	-7.377758908e+00
3	5.939251255e+00	-1.622873564e+01	5.767714461e+00	-7.377758908e+00
4	4.576388308e+00	-1.512708071e+01	5.776957848e+00	-7.377758908e+00
5	5.306196468e+00	-1.484764353e+01	5.763200625e+00	-7.377758908e+00
6	2.474203074e+00	-9.235957293e+00	4.999995682e+00	-7.377758908e+00
7	3.985789856e+00	-1.842705802e+01	4.447036802e+00	-7.377758908e+00
8	4.554496227e+00	-1.548988808e+01	5.737238771e+00	-7.377758908e+00
9	3.271692987e+00	-1.615688245e+01	4.068024571e+00	-7.377758908e+00
0	4.369341673e+00	-1.369025532e+01	5.759251948e+00	-7.377758908e+00
1	5.288476893e+00	-1.365056748e+01	5.443241116e+00	-7.377758908e+00
2	5.632557992e+00	-1.606674053e+01	5.855371176e+00	-7.377758908e+00
3	5.939251255e+00	-1.622873564e+01	5.767714461e+00	-7.377758908e+00
4	4.583726823e+00	-1.506516162e+01	5.783499063e+00	-7.377758908e+00
5	4.456969111e+00	-1.538026282e+01	5.697516342e+00	-7.377758908e+00
6	3.182513643e+00	-1.090075710e+01	5.398087803e+00	-7.377758908e+00
7	4.114820202e+00	-1.770609911e+01	4.859349171e+00	-7.377758908e+00
8	4.531011060e+00	-1.550995355e+01	5.723167465e+00	-7.377758908e+00
9	3.325688694e+00	-1.608978044e+01	4.189992290e+00	-7.377758908e+00
0	4.414481952e+00	-1.297803129e+01	5.711415830e+00	-7.377758908e+00
1	5.288476893e+00	-1.365056748e+01	5.443241116e+00	-7.377758908e+00
2	5.198365608e+00	-1.552974129e+01	5.873921219e+00	-7.377758908e+00
3	6.251516560e+00	-1.683225439e+01	5.743989377e+00	-7.377758908e+00
4	4.613831049e+00	-1.481115568e+01	5.803628449e+00	-7.377758908e+00
5	4.741103882e+00	-1.478920811e+01	5.828727594e+00	-7.377758908e+00
6	1.939445476e+00	-7.504660621e+00	4.644027744e+00	-7.377758908e+00
7	4.114820202e+00	-1.770609911e+01	4.859349171e+00	-7.377758908e+00
8	4.467324958e+00	-1.604730827e+01	5.612103388e+00	-7.377758908e+00
9	3.124550589e+00	-1.618653903e+01	3.778747957e+00	-7.377758908e+00
0	4.454749403e+00	-1.320132148e+01	5.732287344e+00	-7.377758908e+00
1	5.288476893e+00	-1.365056748e+01	5.443241116e+00	-7.377758908e+00
2	5.681123607e+00	-1.456009650e+01	5.454128401e+00	-7.377758908e+00
3	6.822198515e+00	-1.753806083e+01	5.568572325e+00	-7.377758908e+00
4	4.638149301e+00	-1.476932118e+01	5.810403415e+00	-7.377758908e+00
5	5.059270326e+00	-1.520946420e+01	5.859533133e+00	-7.377758908e+00
6	2.550307891e+00	-8.625672353e+00	5.113497895e+00	-7.377758908e+00
7	4.114820202e+00	-1.770609911e+01	4.859349171e+00	-7.377758908e+00
8	4.467324958e+00	-1.604730827e+01	5.612103388e+00	-7.377758908e+00
9	4.597161602e+00	-1.672479089e+01	5.594797348e+00	-7.377758908e+00
0	4.476472634e+00	-1.324111452e+01	5.734209626e+00	-7.377758908e+00
1	4.785183089e+00	-1.538968247e+01	5.831424564e+00	-7.377758908e+00
2	5.681123607e+00	-1.456009650e+01	5.454128401e+00	-7.377758908e+00
3	6.632053981e+00	-1.718975037e+01	5.599995389e+00	-7.377758908e+00
4	4.844145851e+00	-1.537548334e+01	5.845495620e+00	-7.377758908e+00
5	5.059270326e+00	-1.520946420e+01	5.859533133e+00	-7.377758908e+00
6	3.376060653e+00	-1.105551926e+01	5.490346919e+00	-7.377758908e+00
7	4.018565170e+00	-1.889447004e+01	4.340625872e+00	-7.377758908e+00
8	4.471039265e+00	-1.490788617e+01	5.749823505e+00	-7.377758908e+00
9	4.597161602e+00	-1.672479089e+01	5.594797348e+00	-7.377758908e+00
0	4.615285955e+00	-1.404693558e+01	5.794048843e+00	-7.377758908e+00
1	4.785183089e+00	-1.538968247e+01	5.831424564e+00	-7.377758908e+00
2	5.276409378e+00	-1.536831913e+01	5.849367551e+00	-7.377758908e+00
3	7.613178795e+00	-1.842508105e+01	5.196968661e+00	-7.377758908e+00
4	4.864857362e+00	-1.549571511e+01	5.847827793e+00	-7.377758908e+00
5	4.556771130e+00	-1.457676929e+01	5.794684703e+00	-7.377758908e+00
6	3.376060653e+00	-1.105551926e+01	5.490346919e+00	-7.377758908e+00
7	4.131295186e+00	-1.790124708e+01	4.822578111e+00	-7.377758908e+00
8	4.569797882e+00	-1.505935035e+01	5.778756035e+00	-7.377758908e+00
9	4.597161602e+00	-1.672479089e+01	5.594797348e+00	-7.377758908e+00
0	2.793559144e+00	-1.125497992e+01	4.954601386e+00	-7.377758908e+00
1	4.476943754e+00	-1.540308774e+01	5.705964922e+00	-7.377758908e+00
2	4.965261204e+00	-1.538185091e+01	5.863787225e+00	-7.377758908e+00
3	6.821973897e+00	-1.742887785e+01	5.533157679e+00	-7.377758908e+00
4	5.007510241e+00	-1.632382508e+01	5.855481383e+00	-7.377758908e+00
5	4.672074886e+00	-1.502368435e+01	5.812923440e+00	-7.377758908e+00
6	3.698780423e+00	-1.266656971e+01	5.555126334e+00	-7.377758908e+00
7	4.131295186e+00	-1.790124708e+01	4.822578111e+00	-7.377758908e+00
8	4.566809508e+00	-1.512586172e+01	5.773326651e+00	-7.377758908e+00
9	4.594368703e+00	-1.713743898e+01	5.517700777e+00	-7.377758908e+00
0	1.717744397e+00	-9.096665404e+00	3.759119200e+00	-7.377758908e+00
1	4.475374794e+00	-1.540792781e+01	5.704556653e+00	-7.377758908e+00
2	4.528190772e+00	-1.444479040e+01	5.790192721e+00	-7.377758908e+00
3	8.148191683e+00	-1.889103381e+01	4.822254655e+00	-7.377758908e+00
4	4.540157603e+00	-1.594180870e+01	5.675937856e+00	-7.377758908e+00
5	4.672074886e+00	-1.502368435e+01	5.812923440e+00	-7.377758908e+00
6	3.698780423e+00	-1.266656971e+01	5.555126334e+00	-7.377758908e+00
7	3.932076859e+00	-1.822984408e+01	4.431028066e+00	-7.377758908e+00
8	5.060751713e+00	-1.564515212e+01	5.877712160e+00	-7.377758908e+00
9	4.390163439e+00	-1.747426160e+01	5.250951776e+00	-7.377758908e+00
0	2.769471627e+00	-1.109804452e+01	4.963216411e+00	-7.377758908e+00
1	3.729004610e+00	-1.488953319e+01	5.168870841e+00	-7.377758908e+00
2	4.528190772e+00	-1.444479040e+01	5.790192721e+00	-7.377758908e+00
3	8.148191683e+00	-1.889103381e+01	4.822254655e+00	-7.377758908e+00
4	5.756269758e+00	-1.693586486e+01	5.927141359e+00	-7.377758908e+00
5	5.918173581e+00	-1.641002992e+01	5.813472442e+00	-7.377758908e+00
6	4.037359576e+00	-1.340703019e+01	5.668175942e+00	-7.377758908e+00
7	4.797641404e+00	-1.743674745e+01	5.620870940e+00	-7.377758908e+00
8	4.881915015e+00	-1.531327461e+01	5.852643315e+00	-7.377758908e+00
9	4.446293215e+00	-1.624230603e+01	5.564051651e+00	-7.377758908e+00
0	2.670591433e+00	-1.099707357e+01	4.854815880e+00	-7.377758908e+00
1	4.758089815e+00	-1.560428875e+01	5.813659735e+00	-7.377758908e+00
2	3.703093976e+00	-1.277113782e+01	5.547122307e+00	-7.377758908e+00
3	8.148191683e+00	-1.889103381e+01	4.822254655e+00	-7.377758908e+00
4	5.581161554e+00	-1.679273054e+01	5.932026670e+00	-7.377758908e+00
5	6.731078799e+00	-1.731442662e+01	5.565903747e+00	-7.377758908e+00
6	3.054335116e+00	-1.138893126e+01	5.228176431e+00	-7.377758908e+00
7	4.797641404e+00	-1.743674745e+01	5.620870940e+00	-7.377758908e+00
8	4.922601428e+00	-1.521765335e+01	5.856394575e+00	-7.377758908e+00
9	4.459470365e+00	-1.621420370e+01	5.578925267e+00	-7.377758908e+00
0	1.314055948e+00	-7.884303899e+00	3.306434954e+00	-7.377758908e+00
1	5.776725350e+00	-1.812455351e+01	5.968546975e+00	-7.377758908e+00
2	3.703093976e+00	-1.277113782e+01	5.547122307e+00	-7.377758908e+00
3	7.626830616e+00	-1.812318647e+01	5.044071008e+00	-7.377758908e+00
4	5.600878672e+00	-1.692700749e+01	5.938024404e+00	-7.377758908e+00
5	6.731078799e+00	-1.731442662e+01	5.565903747e+00	-7.377758908e+00
6	1.936602743e+00	-9.742763413e+00	3.977679745e+00	-7.377758908e+00
7	4.645309336e+00	-1.756195728e+01	5.476792396e+00	-7.377758908e+00
8	4.895934170e+00	-1.512689479e+01	5.851915161e+00	-7.377758908e+00
9	4.608152073e+00	-1.589427524e+01	5.721570135e+00	-7.377758908e+00
0	1.423386077e+00	-8.201919816e+00	3.441742815e+00	-7.377758908e+00
1	6.108404442e+00	-1.884850553e+01	6.001612896e+00	-7.377758908e+00
2	5.978444881e+00	-1.733162311e+01	5.927918922e+00	-7.377758908e+00
3	8.527618818e+00	-1.878830431e+01	4.253581291e+00	-7.377758908e+00
4	5.327041628e+00	-1.683313941e+01	5.915104329e+00	-7.377758908e+00
5	6.731078799e+00	-1.731442662e+01	5.565903747e+00	-7.377758908e+00
6	1.936602743e+00	-9.742763413e+00	3.977679745e+00	-7.377758908e+00
7	4.965959332e+00	-1.848757414e+01	5.560707321e+00	-7.377758908e+00
8	4.891442135e+00	-1.511802340e+01	5.851308334e+00	-7.377758908e+00
9	5.792449242e+00	-1.676872849e+01	5.904816282e+00	-7.377758908e+00
0	1.423386077e+00	-8.201919816e+00	3.441742815e+00	-7.377758908e+00
1	6.108404442e+00	-1.884850553e+01	6.001612896e+00	-7.377758908e+00
2	5.978444881e+00	-1.733162311e+01	5.927918922e+00	-7.377758908e+00
3	8.957646808e+00	-1.877760323e+01	3.555511315e+00	-7.377758908e+00
4	5.327041628e+00	-1.683313941e+01	5.915104329e+00	-7.377758908e+00
5	6.951876336e+00	-1.730938174e+01	5.379261301e+00	-7.377758908e+00
6	1.936602743e+00	-9.742763413e+00	3.977679745e+00	-7.377758908e+00
7	4.228487552e+00	-1.932954296e+01	4.511379816e+00	-7.377758908e+00
8	6.633002194e+00	-1.828616111e+01	5.862704296e+00	-7.377758908e+00
9	5.792449242e+00	-1.676872849e+01	5.904816282e+00	-7.377758908e+00
0	1.888505923e+00	-1.004701469e+01	3.740755251e+00	-7.377758908e+00
1	6.108404442e+00	-1.884850553e+01	6.001612896e+00	-7.377758908e+00
2	6.107377650e+00	-1.751964519e+01	5.920755599e+00	-7.377758908e+00
3	8.957646808e+00	-1.877760323e+01	3.555511315e+00	-7.377758908e+00
4	5.327041628e+00	-1.683313941e+01	5.915104329e+00	-7.377758908e+00
5	6.951876336e+00	-1.730938174e+01	5.379261301e+00	-7.377758908e+00
6	4.176935469e+00	-1.312278693e+01	5.717759720e+00	-7.377758908e+00
7	4.228487552e+00	-1.932954296e+01	4.511379816e+00	-7.377758908e+00
8	6.441832571e+00	-1.790942238e+01	5.872933053e+00	-7.377758908e+00
9	5.896525216e+00	-1.683478301e+01	5.888249354e+00	-7.377758908e+00
0	1.888505923e+00	-1.004701469e+01	3.740755251e+00	-7.377758908e+00
1	6.109244920e+00	-1.993624162e+01	5.973700744e+00	-7.377758908e+00
2	6.182713343e+00	-1.749133944e+01	5.896562123e+00	-7.377758908e+00
3	9.497159400e+00	-1.896378331e+01	2.711567829e+00	-7.377758908e+00
4	5.438058378e+00	-1.683345982e+01	5.929554009e+00	-7.377758908e+00
5	7.085554008e+00	-1.715211674e+01	5.180370095e+00	-7.377758908e+00
6	4.176935469e+00	-1.312278693e+01	5.717759720e+00	-7.377758908e+00
7	4.207641862e+00	-1.681976823e+01	5.217115787e+00	-7.377758908e+00
8	6.478411440e+00	-1.768650744e+01	5.816435232e+00	-7.377758908e+00
9	5.780592550e+00	-1.514448183e+01	5.577027406e+00	-7.377758908e+00
0	1.888505923e+00	-1.004701469e+01	3.740755251e+00	-7.377758908e+00
1	6.140952723e+00	-1.888106071e+01	6.003905485e+00	-7.377758908e+00
2	6.195699919e+00	-1.705916861e+01	5.819750964e+00	-7.377758908e+00
3	9.497159400e+00	-1.896378331e+01	2.711567829e+00	-7.377758908e+00
4	5.552660898e+00	-1.692742927e+01	5.937883172e+00	-7.377758908e+00
5	6.964346048e+00	-1.737396883e+01	5.392905437e+00	-7.377758908e+00
6	4.689289911e+00	-1.453973057e+01	5.818047953e+00	-7.377758908e+00
7	4.508709189e+00	-1.692213827e+01	5.487713779e+00	-7.377758908e+00
8	7.945130660e+00	-1.995686487e+01	5.481299065e+00	-7.377758908e+00
9	2.970797560e+00	-1.225701752e+01	4.921270647e+00	-7.377758908e+00
0	1.888505923e+00	-1.004701469e+01	3.740755251e+00	-7.377758908e+00
1	5.383289295e+00	-1.863924243e+01	5.807009874e+00	-7.377758908e+00
2	6.181546252e+00	-1.753017822e+01	5.902338337e+00	-7.377758908e+00
3	9.497159400e+00	-1.896378331e+01	2.711567829e+00	-7.377758908e+00
4	4.117385494e+00	-1.423232225e+01	5.634960248e+00	-7.377758908e+00
5	6.924626371e+00	-1.734903730e+01	5.419010876e+00	-7.377758908e+00
6	2.824107063e+00	-1.089150539e+01	5.079430180e+00	-7.377758908e+00
7	4.435328548e+00	-1.689546600e+01	5.428250063e+00	-7.377758908e+00
8	7.058557785e+00	-1.917392648e+01	5.842392855e+00	-7.377758908e+00
9	2.229041266e+00	-1.000696451e+01	4.454326191e+00	-7.377758908e+00
0	1.688533120e+00	-1.007053339e+01	3.237734471e+00	-7.377758908e+00
1	5.286247842e+00	-1.859581736e+01	5.760085253e+00	-7.377758908e+00
2	7.017708974e+00	-1.891843967e+01	5.809926104e+00	-7.377758908e+00
3	5.954330866e+00	-1.459780128e+01	5.206331599e+00	-7.377758908e+00
4	3.855492661e+00	-1.203866444e+01	5.634131900e+00	-7.377758908e+00
5	7.491122951e+00	-1.721094221e+01	4.725747371e+00	-7.377758908e+00
6	3.265320668e+00	-1.175326344e+01	5.360601743e+00	-7.377758908e+00
7	4.435328548e+00	-1.689546600e+01	5.428250063e+00	-7.377758908e+00
8	7.209234847e+00	-1.945633458e+01	5.827003086e+00	-7.377758908e+00
9	2.229041266e+00	-1.000696451e+01	4.454326191e+00	-7.377758908e+00
0	1.688533120e+00	-1.007053339e+01	3.237734471e+00	-7.377758908e+00
1	5.286247842e+00	-1.859581736e+01	5.760085253e+00	-7.377758908e+00
2	7.017708974e+00	-1.891843967e+01	5.809926104e+00	-7.377758908e+00
3	5.745414814e+00	-1.454010567e+01	5.389904645e+00	-7.377758908e+00
4	3.206887520e+00	-1.122845208e+01	5.383519874e+00	-7.377758908e+00
5	7.677764343e+00	-1.675365915e+01	4.149248233e+00	-7.377758908e+00
6	5.335474297e+00	-1.442689385e+01	5.655453791e+00	-7.377758908e+00
7	4.435328548e+00	-1.689546600e+01	5.428250063e+00	-7.377758908e+00
8	6.672661648e+00	-1.921622350e+01	5.979763546e+00	-7.377758908e+00
9	3.396567561e+00	-1.242662486e+01	5.365297505e+00	-7.377758908e+00
0	1.153230226e+00	-9.332127560e+00	2.076348479e+00	-7.377758908e+00
1	5.951454358e+00	-1.992506775e+01	5.924265242e+00	-7.377758908e+00
2	7.017708974e+00	-1.891843967e+01	5.809926104e+00	-7.377758908e+00
3	5.745414814e+00	-1.454010567e+01	5.389904645e+00	-7.377758908e+00
4	2.881716954e+00	-1.073150990e+01	5.173529500e+00	-7.377758908e+00
5	8.445230088e+00	-1.763280986e+01	3.520508705e+00	-7.377758908e+00
6	5.322695794e+00	-1.446193780e+01	5.671412342e+00	-7.377758908e+00
7	4.979503616e+00	-1.591711183e+01	5.863888839e+00	-7.377758908e+00
8	6.618676066e+00	-1.926281431e+01	5.994443196e+00	-7.377758908e+00
9	3.756880645e+00	-1.348412263e+01	5.490773769e+00	-7.377758908e+00
0	2.592604614e+00	-1.180927875e+01	4.469732774e+00	-7.377758908e+00
1	5.951454358e+00	-1.992506775e+01	5.924265242e+00	-7.377758908e+00
2	7.456297165e+00	-1.994580420e+01	5.804952528e+00	-7.377758908e+00
3	6.054167751e+00	-1.398500908e+01	4.735759228e+00	-7.377758908e+00
4	4.244143657e+00	-1.242154192e+01	5.664651947e+00	-7.377758908e+00
5	8.445230088e+00	-1.763280986e+01	3.520508705e+00	-7.377758908e+00
6	5.525272458e+00	-1.432985532e+01	5.497974530e+00	-7.377758908e+00
7	4.634102143e+00	-1.427522886e+01	5.805274952e+00	-7.377758908e+00
8	6.497576728e+00	-1.901828400e+01	5.993303969e+00	-7.377758908e+00
9	2.150248353e+00	-8.768751087e+00	4.687482607e+00	-7.377758908e+00
0	4.120143614e+00	-1.519215172e+01	5.491250259e+00	-7.377758908e+00
1	6.126245104e+00	-1.963484450e+01	5.992165175e+00	-7.377758908e+00
2	7.189869016e+00	-1.988351460e+01	5.913736336e+00	-7.377758908e+00
3	6.234443871e+00	-1.603138008e+01	5.526047619e+00	-7.377758908e+00
4	3.276185382e+00	-8.711765317e+00	5.064945190e+00	-7.377758908e+00
5	7.554337841e+00	-1.826655106e+01	5.188124539e+00	-7.377758908e+00
6	4.451379713e+00	-1.256037774e+01	5.633010299e+00	-7.377758908e+00
7	4.909356051e+00	-1.482829057e+01	5.839901989e+00	-7.377758908e+00
8	6.709824702e+00	-1.866586662e+01	5.897194310e+00	-7.377758908e+00
9	3.761683359e+00	-1.317267906e+01	5.538199536e+00	-7.377758908e+00
0	5.084270263e+00	-1.557484212e+01	5.877398389e+00	-7.377758908e+00
1	6.126245104e+00	-1.963484450e+01	5.992165175e+00	-7.377758908e+00
2	7.189869016e+00	-1.988351460e+01	5.913736336e+00	-7.377758908e+00
3	6.234443871e+00	-1.603138008e+01	5.526047619e+00	-7.377758908e+00
4	3.491752041e+00	-9.173460402e+00	5.103328727e+00	-7.377758908e+00
5	7.613920346e+00	-1.800221366e+01	4.999629630e+00	-7.377758908e+00
6	5.077059755e+00	-1.377835797e+01	5.630190172e+00	-7.377758908e+00
7	5.015054136e+00	-1.491667097e+01	5.840773445e+00	-7.377758908e+00
8	6.709824702e+00	-1.866586662e+01	5.897194310e+00	-7.377758908e+00
9	4.439286580e+00	-1.443523778e+01	5.765679709e+00	-7.377758908e+00
0	5.084270263e+00	-1.557484212e+01	5.877398389e+00	-7.377758908e+00
1	5.660717465e+00	-1.782093955e+01	5.955390632e+00	-7.377758908e+00
2	7.204772636e+00	-1.981739478e+01	5.896925935e+00	-7.377758908e+00
3	6.182222225e+00	-1.619426911e+01	5.616597010e+00	-7.377758908e+00
4	3.692445625e+00	-9.603300720e+00	5.130653573e+00	-7.377758908e+00
5	8.106375231e+00	-1.855552936e+01	4.691982254e+00	-7.377758908e+00
6	5.108341944e+00	-1.320407256e+01	5.424516850e+00	-7.377758908e+00
7	6.253012414e+00	-1.988997232e+01	6.007990288e+00	-7.377758908e+00
8	6.869448195e+00	-1.903724093e+01	5.897834568e+00	-7.377758908e+00
9	4.439286580e+00	-1.443523778e+01	5.765679709e+00	-7.377758908e+00
0	5.022770311e+00	-1.551418502e+01	5.871704235e+00	-7.377758908e+00
1	5.750816284e+00	-1.816194150e+01	5.964174112e+00	-7.377758908e+00
2	7.204772636e+00	-1.981739478e+01	5.896925935e+00	-7.377758908e+00
3	4.774473740e+00	-1.446672430e+01	5.819596335e+00	-7.377758908e+00
4	3.692445625e+00	-9.603300720e+00	5.130653573e+00	-7.377758908e+00
5	8.106375231e+00	-1.855552936e+01	4.691982254e+00	-7.377758908e+00
6	5.645367590e+00	-1.456978472e+01	5.487160274e+00	-7.377758908e+00
7	6.253012414e+00	-1.988997232e+01	6.007990288e+00	-7.377758908e+00
8	6.869448195e+00	-1.903724093e+01	5.897834568e+00	-7.377758908e+00
9	3.459979360e+00	-1.258072125e+01	5.394475348e+00	-7.377758908e+00
