step_0
0.4195614675479091
0.340900715345864
0.32199925723401546
0.3148380607064079
0.34407924386716876
0.329360079111241
0.3528183074763711
0.2489353879976721
0.33054280137994646
0.3960630716410509
0.2912687521081103
0.36673334581130984
0.3649721847413633
0.29336257155197076
0.3504841788668267
0.4030687456670474
0.2877157917503412
0.28875322541887005
0.3715503553186207
0.36068377023799236
0.3956690288449163
0.3046849758932589
0.36640927486950864
0.367808879821906
0.393107379339071
0.34672153920605886
0.3109014757895179
0.2838744004792693
0.34205182793814914
0.39158432003264815
0.29048100921626896
0.33192499364731726
0.2706879883497663
0.31657980100494476
0.3330884822967437
0.2848095314780136
0.27092033206496813
0.3264903221689575
0.322079462172358
0.3443467130651532
0.34086723746122044
0.31833685939607415
0.3285973373154125
0.34203168411360285
0.29584178184780624
0.2822297579122128
0.37610206618589964
0.3373702709562124
0.4061895268595702
0.39271911433574797
0.28497918209415796
0.3357740310017144
0.2902546834720454
0.32991247611847896
0.3456570584213384
0.3059176328176659
0.26785068344271645
0.3695441535752464
0.2684393760841445
0.36879625087484624
0.2971756438621336
0.2761424461161958
0.35886184409894867
0.23111185238234702
0.3362506097876608
0.3549333949543678
0.33469980809062266
0.32894016631629375
0.3595918104385942
0.2671994613565979
0.3254255962176793
0.3258003806602149
0.35686788932953917
0.305537373855701
0.35258793760801055
0.24266614696979244
0.3452726217309135
0.2915730190568062
0.31929521234907576
0.2935743957129471
0.3462846038650539
0.23921903989945734
0.419882640328635
0.21813650064237955
0.35320421932199114
0.3383825604756068
0.2810826615590819
0.25975560753334914
0.37217384719775903
0.3043693792048062
0.33523794012202
0.29595921134032943
0.28381743146102645
0.30402153695514456
0.3398472631289391
0.33068084052289637
0.36585411574195487
0.3414240127010228
0.3318269790326379
0.2840945412891153
0.35574538752882057
0.2819687142161616
0.36606176051434636
0.31191421282843096
0.28594549279981374
0.2949950435778014
0.2168030481893505
0.3995162267637802
0.367268840480103
0.3679762720442313
0.3247813317638709
0.27763886995234704
0.35223334001890194
0.31432173507743294
0.3744475053276936
0.29752518375347375
0.37384540604545113
0.2703540538153123
0.31718894216605864
0.3283567241079319
0.42001701496134225
0.2563623736338644
0.3304623539516837
0.3024996971788793
0.2869566916352828
0.2727192281330665
0.27985890819684656
0.36734791216992585
0.3817603146773577
0.42729551344242633
0.32722307727986616
0.33539362342808765
0.2807177701899374
0.37510620911347936
0.3546347964292205
0.2681701803740058
0.2941252600199633
0.3699269286803284
0.3648657794361784
0.3073284994544194
0.325451650066803
0.42311552617555226
0.36518413109192416
0.42461610361558694
0.23796607890843968
0.35732060479682864
0.34177547360348326
0.32886301120398526
0.32226327902850344
0.3420352014919729
0.47633236650658245
0.3244529291909303
0.2770741399606707
0.2183377551173292
0.3368724768537852
0.31674144133983584
0.3394587412314017
0.2727445879536363
0.351803426673104
0.36662772793009274
0.3728688947358832
0.28433670815771794
0.3545404881869232
0.34784459638753357
0.2784479498752899
0.42630603740577744
0.3560363420533404
0.31133954834646727
0.38923368485724796
0.31192113058924575
0.4238640732705341
0.323811758737486
0.2969151175569052
0.3326888320328981
0.33189665428801723
0.36236687576684484
0.3088445901596085
0.28239465356763466
0.3722441803139088
0.3243769176058725
0.34423928638397133
0.34996872899039166
0.33157650833262675
0.2860574845620131
0.38643074589638643
0.37234924299948446
0.271941271651555
0.2679780370811611
0.2892959491373125
0.3533019522045836
0.3361247612158843
0.2881573411297684
0.3410837978437645
0.408168334833626
0.3747656244225823
0.4270090851421315
0.39297641451026016
0.37002872187550556
0.3253775173214568
0.31665311764296444
0.3163708386266212
0.3418400077740268
0.28900087407799663
0.3281038158321972
0.2824920657216139
0.3610196051195545
0.24752876096521478
0.40686357038384086
0.3371231861689331
0.33693672759393395
0.42365009174474033
0.36126064897923843
0.3430044517916909
0.3085647009464743
0.30383571190188413
0.32196350576481414
0.32721177383266026
0.37771384498105864
0.31731108117168794
0.3672052131764223
0.27105494110331707
0.34824313033720183
0.22018867268680392
0.33809280172693645
0.37455036806051556
0.3245348920494111
0.24897044662364692
0.2794437589567128
0.35990193773056833
0.3336763960302831
0.3715934306892854
0.4806707545504433
0.30420409723376873
0.3647123331815557
0.2979638562351573
0.3459777664897758
0.3652222414386262
0.34752914727920736
0.3562188331682344
0.33663856080145416
0.22817998158410677
0.3596358700796024
0.3483031538954368
0.2550145226596008
0.4434590383444484
0.2167792035844138
0.31995089335901244
0.3923371346788703
0.37402718227949594
0.33685882178387966
0.36940539808106565
0.32690562394332645
0.3416701873496247
0.2988653748970376
0.4133103616681748
0.3053679958017506
0.3870148709038297
0.21818211550477798
0.26972346321132845
0.23964405015612422
0.2950262982138904
0.4412429187400044
0.2520438793558083
0.3500212499373735
0.3076789543557745
0.3057258090824374
0.28065123867559905
0.43200404545724735
0.3717542537070646
0.3694217168132461
0.2979947474375364
0.32494236991602665
0.27757422131212167
0.36097274337675406
0.28358425390563075
0.4145418630368419
0.34342437412093507
0.3187158497553251
0.2887757482614174
0.34637664944099655
0.31352661949641003
0.34120652279304775
0.4017355407740022
0.36056633676224686
0.32503270443949217
0.27845516026403966
0.3699439546517566
0.33769764644432904
0.29187649428989115
0.3696968855871228
0.5537708107012246
0.3213984184587279
0.2681312678486044
0.352519566529311
0.3498609888907165
0.21292225295587774
0.28341354626477544
0.29985636741206
0.352199501842848
0.3475403091073298
0.24872045508675036
0.3431475657158414
0.4013211160562409
0.3869617025194362
0.27386184697461946
0.29457507767451896
0.3592252024551569
0.33513172575379474
0.31544082499939385
0.30422126135276323
0.27481662559127923
0.2764100635897956
0.2889205134902636
0.3551717647745819
0.3503279392408147
0.38659708090414874
0.3076862966972644
0.2846039883946989
0.28951126523027026
0.2938998810521276
0.36909836589482176
0.31078448456658675
0.29619064739227485
0.3409208555572111
0.27520373050916946
0.2846105353790027
0.34350734935643507
0.2824438244082798
0.29353839818011596
0.3420640102707851
0.3440878067828938
0.27016918292337866
0.3399973841120684
0.33866491682473576
0.367274303919693
0.3524148627365548
0.3091615982250181
0.21732303744093517
0.3627078721331013
0.3438931498504014
0.45439746814294557
0.328092099602598
0.3136831322075712
0.39259402662808907
0.2747639349731151
0.26681174101802985
0.31527845452922293
0.40479323064550643
0.3325354503878057
0.32048633667050497
0.2567255557799818
0.2897731674088385
0.4177904976433495
0.34795414775083827
0.34513772791140557
0.3081578216705131
0.27963648435386174
0.36388780189367337
0.3565756276495078
0.4141443943042883
0.36905841500673564
0.3678600276676307
0.25549327548032974
0.3357803472783517
0.2286100660183364
0.36715631864872866
0.30243367791317044
0.2777895020383284
0.33033074172770044
0.4166829758428846
0.4272746351132479
0.3063444490712246
0.3670844657901109
0.38858062369568325
0.24279844425447003
0.32796786328517524
0.3683734448201697
0.47496590853392173
0.40904555629960876
0.3013178477070621
0.3255345485504133
0.36492071487511746
0.32527972591356225
0.2991127487486714
0.3663710937871666
0.24326407968804364
0.33183794682107787
0.35706218547314844
0.4231759496530742
0.22427646955498232
0.3936332333165154
0.2957482157382614
0.3765054771172376
0.3039963159060123
0.3459598046692034
0.2774676132778894
0.33018198307554253
0.395137884046449
0.33554226830219985
0.26700246690659407
0.27328320627433567
0.3645431216755307
0.39812751585500006
0.4265044815368772
0.36583998741193663
0.3747376324301967
0.37156237699521166
0.35489899214716036
0.3624891785063839
0.36580880195352194
0.2705642577065426
0.33325321721787593
0.3970123969812045
0.41325946965635074
0.41231320360133084
0.2978341936785474
0.22280535260776446
0.22529041315427464
0.3274209079984419
0.33658345278305496
0.34992372167486024
0.41719892263742586
0.2726098471220544
0.3295891780448271
0.29632658988971783
0.4132608409457785
0.33391636234448
0.4009425796224543
0.23069880482483063
0.30532342769911963
0.3191071562038783
0.35604083437104106
0.37738677110630436
0.2957918988475547
0.2776375890831228
0.35957010637821923
0.33851321550245234
0.2680009908632467
0.40617598409931704
0.3982746329581982
0.282747432417429
0.30578685731137323
0.32795429099892504
0.42357155801157453
0.42784585899939775
0.3395611586273999
0.3603855733058622
0.39420978967784276
0.23608752640378322
0.4360286835206162
0.30951962846010384
0.3482792131610277
0.3650276984721915
0.3248249510792483
0.28930215995559405
0.33883998290240636
0.4036787488045442
0.42955487813572096
0.24600672777677535
0.29406847958758947
0.36197724742749277
0.30278029727841027
0.31288996248716694
0.40808632568673164
0.4033264528747649
0.32413500347450386
0.3465234080586265
0.41659560012730196
0.3562012094744137
0.346387699971504
0.34475112129209956
0.3352342469308764
0.24644699419564126
0.3572069608453902
0.3612071421290799
0.2973174579017658
0.40430358760775
0.28125275611786393
0.21503295610848502
0.29866207586458915
0.2939199290728072
0.31725039022131196
0.3215677687742768
0.32471628285631476
0.3573319626618271
0.4601936184383268
0.272151369223537
0.42266473107616287
0.42543456801670476
0.30615333852763305
0.37410062969283636
0.28745923353958724
0.371431663813111
0.40249511352411704
0.21831230556950845
0.35618223250729925
0.27157900320065365
0.420082968502309
0.291480682775456
0.3266130545153012
0.3761609072671186
0.21380491342909053
0.2867246586997989
0.36179377489595643
0.29601017206777885
0.34772155742215916
0.4196535203010749
0.2840757684139699
0.25951046899541985
0.3434279746915288
0.41669277168923635
0.39703611884768797
0.37959970485324024
0.3715930963717214
0.33397166107196213
0.2978865787210362
0.3290556784056933
0.35692986112680775
0.2946377200550153
0.29445702042038846
0.30497004094171565
0.3287747690606999
0.2861509867912043
0.3302013211049746
0.3848940863990681
0.37287720146631087
0.2692450216767932
0.30607472742193353
0.3402106183906741
0.22608148563756744
0.31475782903246446
0.22495468579519318
0.38460219115423355
0.30574087102120906
0.28182459679186495
0.2842979240754712
0.36720983982158517
0.36324176758621934
0.29755464137595977
0.364792566910948
0.25450913873337444
0.3538880167176397
0.34459646700322866
0.31259593871666724
0.37288860341890046
0.4157603570757257
0.3109722458296143
0.294726384618735
0.4123888946784548
0.26969810199130034
0.38566011026570446
0.29622682592994365
0.32734641527290503
0.3243595238115026
0.3112811384703441
0.29265974809670225
0.3744644979543011
0.3337467270291026
0.366481952997741
0.27562432512500357
0.2378411525644175
0.2767132005649944
0.33879934090472785
0.3496455457418468
0.42952415549997447
0.3743964850391629
0.2703375093791293
0.3329259755990789
0.3627173544850818
0.3745853799784674
0.3171596357844221
0.24177665647655527
0.2976455983829262
0.37744270123061624
0.30120086812009667
0.34275766019364806
0.3054846109356618
0.33538744747799043
0.3951716303805958
0.30012630979078714
0.37724972198133405
0.3022920104859201
0.2767165313025414
0.33560017517042
0.3936602697110122
0.31575773001429275
0.4106255186184683
0.27513369940125704
0.35571926219198674
0.38094648086302585
0.2983864739300849
0.3000835484569472
0.2921017169986567
0.36595005220945565
0.2824061800603415
0.21971429645561646
0.4099230154250868
0.31646088591958
0.3537514367348543
0.4298658563387427
0.33966049690262595
0.3146503057827149
0.25323361897921587
0.2933590222956129
0.2889486522321926
0.3235888998189605
0.3518347092637207
0.33118250675717764
0.3376006880116788
0.3083500247620867
0.32938733290196576
0.3537958494893684
0.3633897062563554
0.3059625476090798
0.3715256324415866
0.32304920051125746
0.36843986852868726
0.3692945604150229
0.2810641547203304
0.28009496214570007
0.2149455960381922
0.27991329602360426
0.321623389772452
0.2895860063558905
0.38289812546962193
0.32843581793917664
0.30898241976129703
0.3383218680516157
0.32520877958755223
0.2936117422539874
0.3232302836552873
0.28432110353508777
0.3334598886979722
0.3621487601627719
0.3423225477539545
0.3484602369531726
0.2927329673237955
0.2853888664070221
0.2268250611666474
0.3777556919342193
0.35907739433005126
0.2868831796896373
0.2725403878302764
0.36414237233180363
0.21232015262075127
0.32775635457932495
0.2430784539377562
0.3750421228685494
0.2891263348507075
0.2667705449105666
0.2869930480453703
0.35818226001824116
0.3668192156974603
0.2782681701485299
0.2787414921908393
0.3093784574675458
0.3327342422146496
0.3959895678264243
0.37537321596190326
0.3254387201807858
0.3462708495345991
0.2917377533842484
0.36903659169634767
0.33869037130495766
0.3376711674420531
0.31663623447100586
0.31177701100288385
0.2754989639275013
0.4252868855911057
0.43035225214201656
0.3091804405954184
0.3310248260044782
0.2199621908961294
0.27908757032960363
0.3041328534363101
0.3660583058153586
0.35299183403502576
0.30273348924788107
0.288532115492553
0.32071627533472413
0.3092400911747758
0.3404504857301835
0.30148037435908903
0.310180167191525
0.33762093435727386
0.37540527321583006
0.25996554740686784
0.3007629788394711
0.36503278189707933
0.33535297102902567
0.24382086585279006
0.39765953604515825
0.2377256697254349
0.2637068779064913
0.3291177865587382
0.3129047670524059
0.35671035298418635
0.3747797681855659
0.3315198754985664
0.2991130503160321
0.32134713499497114
0.29887712260310795
0.27202142521684064
0.3937956910845134
0.3351845521255855
0.4170577368591151
0.3118281057923805
0.3644745495020218
0.3099220266379471
0.3287465146635792
0.32062657657587457
0.33926265800259614
0.29098316344455954
0.2720705804017074
0.2952664959897755
0.3117078357086642
0.3252626291792091
0.34638992004334557
0.3469061037163198
0.4186362779127195
0.416554368719882
0.24615574817204666
0.37836762607800684
0.31267575702827005
0.35012508585282237
0.33007930911456757
0.28089594400569334
0.36346547483694097
0.35562609672335194
0.304735839573526
0.357829965230659
0.410898567662843
0.29112552346872095
0.2873209214127864
0.2707088765024151
0.3463044576936703
0.22179400766963475
0.33482109371833413
0.33022664271220437
0.29916066676000413
0.35741216864531405
0.4720059730218204
0.26959639946721126
0.3396378994368955
0.3738631027846798
0.2532117958661829
0.37403389412386184
0.2687399538448957
0.3984947553377345
0.3507399294692231
0.2908074979152971
0.33313786428641956
0.27903030109950133
0.3753110038121086
0.32478337701767246
0.3288851028511296
0.30940502707490525
0.322209300582778
0.32422576118432506
0.30710848684582454
0.34933782940693625
0.3467782128342444
0.38346809442637764
0.3977238653904437
0.3385711833214962
0.3328190878097311
0.36547237796047355
0.2773278864643903
0.29614276508574183
0.3684190015844582
0.3443623115759533
0.3801376531133747
0.4143571073896263
0.30463192426033925
0.37069457337792494
0.3686675279847482
0.37546886162985976
0.29041431174953797
0.35807326967616465
0.19539034168427324
0.2912387222135513
0.3461071530769146
0.36883013371107365
0.33703150549234395
0.2745543822878178
0.3559049450974578
0.3460573412284305
0.3607984545716476
0.31936648655057953
0.34137509224886015
0.36464130422972096
0.34707067721683416
0.2713536479300007
0.3339872190733839
0.28768935897023384
0.35986543313353814
0.21978087348409628
0.35611621303845925
0.3700048814639363
0.28031544158568444
0.32219106154915633
0.3519861215617901
0.3298261877297074
0.2790491896129282
0.3622348332210017
0.29844606489907183
0.31632450052427485
0.32676248391436963
0.3325239773053369
0.3189873058175291
0.3589412292541734
0.34074279546889596
0.40468932672324043
0.34883127419293725
0.3531511418368752
0.3019013212358682
0.36594424160670436
0.3149506051806123
0.314915713008996
0.4530520377614907
0.4794989242160979
0.33816175760064615
0.38777174210372156
0.4028114200815943
0.27949480039023505
0.29537346318471186
0.2924979478661479
0.2914140567585116
0.3273883106155043
0.41873294163154984
0.29874858774392954
0.31510365318220146
0.30124184197950044
0.21510047770588506
0.31129578302736105
0.3293260901555833
0.3259579743994014
0.32763632260682457
0.39905078879970557
0.32196133847266795
0.31330895836424505
0.31861553669347364
0.358476738892844
0.33416628674780746
0.33087268227053773
0.2910204523795402
0.34710191442174704
0.31660125166333236
0.41824554078868215
0.2833647053368087
0.3758724881933898
0.38298230685660706
0.3767457283836062
0.36665244217115356
0.2720024344478625
0.3662220329362529
0.33536148990151105
0.24346262562782162
0.43331345533907617
0.32008827438464893
0.2797669270543093
0.269034325327017
0.31792628419017893
0.3548482943924465
0.3410524252278332
0.34191634268104926
0.2881336019536849
0.37397337514393714
0.22765673640123268
0.3743940468263545
0.31123244698589414
0.3155315128665412
0.37347060026211715
0.29567510570519995
0.26714967956765384
0.2279185310745
0.33849796969331086
0.37771072751799584
0.323059058406187
0.3633199169242583
0.3609134837148905
0.3079885660592838
0.3130072470249866
0.1732049495472205
0.31037746646211134
0.2600851994801292
0.38226516215003603
0.3443319811540137
0.3000549058792222
0.32488350683870837
0.4001778232371945
0.2725761174297771
0.2525613883137944
0.38849596719448365
0.3489137879935875
0.4307931068650347
0.2194182815907828
0.45342562206563264
0.28277422250834466
0.3826274042325379
0.3716693442922956
0.28151428670993534
0.274399224298954
0.32578739426247466
0.3053823257318356
0.34019033756008343
0.275550296392695
0.36444953989284734
0.31636067854228805
0.3767835020383373
0.2757608421914497
0.42657925648013056
0.3659390516876872
0.29447707886777935
0.35249213210384933
0.31864510049796235
0.3517250991186621
0.43202648164606783
0.26900343871082477
0.35312310013100967
0.27098729647819864
0.3378714914988938
0.29505872528015553
0.3746537611840917
0.24139796069755068
0.31501217812990234
0.31391568729984304
0.24485485786728028
0.35465038010127553
0.3437850140425014
0.3007803257809594
0.3122991104668391
0.2674882648285772
0.22717235755519638
0.2595271722582318
0.3017182787125538
0.34521264252748224
0.31012343433425976
0.34933988472915795
0.3316459457923932
0.30491301376612057
0.4054599933869475
0.2712552365827398
0.2886717452311466
0.35028274684949234
0.41263989272684215
0.22709910745152695
0.3203148934692891
0.2939125525892864
0.2774165281574332
0.45571823217423635
0.2222396305622896
0.27494436893584645
0.27452333152617014
0.27814273433827486
0.37734529391724825
0.3808219332242335
0.33893395165106416
0.39126667722523795
0.4115963808388031
0.33303898047516034
0.21364023064967608
0.43034138689330215
0.29749615398361773
0.36624806772875435
0.33142829911427624
0.3067526072276924
0.30080899086451185
0.2264910919632947
0.33733607730163134
0.2995700052745293
0.3578801511384454
0.3363149582954727
0.3732971855896247
0.26722249864237724
0.42286489531571847
0.3007316905045453
0.28173510339193375
0.3233441154540474
0.2951759609623579
0.2924321914675749
0.3633641888706016
0.4012909608058151
0.37280417161943047
0.340613987320289
0.3549861361723195
0.37207569331603013
0.34627425217570584
0.3179921707968436
0.35265598700933926
0.287330592177898
0.3514313181114414
0.28460582984017035
0.2984457565777945
0.36119390486152503
0.43204026362254067
0.2854437191258519
0.4417480772318374
0.31869482051458603
0.31967744670757525
0.3725788857261015
0.3245928077541623
0.3083545528077575
0.32197170337161085
0.2811371830650745
0.27787899298117935
0.3186137295238319
0.33267097240271726
0.3722044108001464
0.3574946819096176
0.3247765814527671
0.351001650718945
0.30626264968343697
0.34017760012347165
0.2651225418598755
0.30402161117333615
0.34176368142773084
0.3034684628529224
0.2795496426724394
0.36856097081533556
0.3371822322289454
0.4296712916990238
0.2790514159602639
0.26451341268077555
0.3284888037489162
0.31532147150891765
0.4264767748727466
0.2978460704564436
0.36029239747371195
0.2672907600786009
0.29538828828152747
0.29909423979700334
0.3191897992350055
0.318550755959507
0.28271103496185607
0.36675526827646165
0.3434147102220738
0.31624346953660876
0.27666957128918757
0.31501742504457186
0.25498457550516973
0.36451708212777956
0.29027460113174486
0.3773717040915497
0.43268392401599054
0.35057871327448636
0.425091340031279
0.36847999813476917
0.33262419198266396
0.2710283152926023
0.3596702014032216
0.3243659506867119
0.29967871693354725
0.22218546073428969
0.3183531579447451
0.40677454858365386
0.4207543579556209
0.3849356759484199
0.2897868485034452
0.37940017309642765
0.2507128342243886
0.42456617341772795
0.4169365203932841
0.4169587602520074
0.2814533257547355
0.29059823961301456
0.48297815370076796
0.28351207883909124
0.33942927639728276
0.3119214730679889
0.29071671446906283
0.3246028173344114
0.3775986045318559
0.37142815077739655
0.3756152728600688
0.21580052242718795
0.36062422455224846
0.3588404307541564
0.39027880898061373
0.3687867163106413
0.4657797348194628
0.25778346696370646
0.28515854850366884
0.3102687937662405
0.3226710655695768
0.30773165637538274
0.3515516319192686
0.45779214640666355
0.33723414891650527
0.30801689263365006
0.27518073031215634
0.3339047006722738
0.29621956858818244
0.3437156883535565
0.32010174956703946
0.3585975361460798
0.37296553031663154
0.3744402533912219
0.2708810045783652
0.3001372095311214
0.23246132970434163
0.4333070694090739
0.2645919052374969
0.360115605678884
0.27576789285826303
0.2865022198984269
0.3294493800705602
0.2898474943466726
0.36770217327623567
0.302663866016435
0.41201644478642824
0.35148679460129845
0.2777347178536337
0.33601670864851096
0.3598036473038311
0.41939246762506327
0.26702574868772333
0.36099179269848714
0.37890566998478137
0.331559423689208
0.3109695307384222
0.32974066473836383
0.37386308331532925
0.2697159718433074
0.3051927193345362
0.28156126127240905
0.4533492374282124
0.27410843608060864
0.28366624715435845
0.3421314562795306
0.2694583032694171
0.2991705531061808
0.2860448038863713
0.26247279076789565
0.35574043577361353
0.30468735455440166
0.21834155650127546
0.2852609696589773
0.2898241165154493
0.344698443380902
0.3596726293149891
0.3573757028659038
0.270307804138631
0.2938335885180972
0.38167975494726647
0.2699589317659544
0.3410083631798585
0.36672517204096466
0.32564025960708276
0.37736028972428615
0.3013878868628344
0.30913599314110524
0.32675844787249714
0.316698367079295
0.24059012587398435
0.2954084731111108
0.2991003852757879
0.3429492054282468
0.3051397541527916
0.2856352980943273
0.3780595513023464
0.3641509078475232
0.3205995084644643
0.2840896338568949
0.37726613277401677
0.42413988729467966
0.3596121234943602
0.2964270556921418
0.29827100730434947
0.3300361278412778
0.3073394544899996
0.35059119230376995
0.36402457679350586
0.4059237084531343
0.37444530170116624
0.3415718675798521
0.2872686772238441
0.27294853978626965
0.2933476140905147
0.3656436292587182
0.3288265031652419
0.34630442080929635
0.34546355999708545
0.3223687423449394
0.3452521810463413
0.36570414837964477
0.4855834779187909
0.273038514150013
0.3264956513624743
0.3313396376055841
0.23571407723028304
0.3688133992587028
0.31636194715863586
0.22882810245681315
0.3240475771093604
0.21770691730407088
0.3536355315034655
0.369406326769474
0.346285857948174
0.3638138278590611
0.3473079994054001
0.35878743846539596
0.21248932770120335
0.3541071308313155
0.27295407625848755
0.27334519826364245
0.36011993056330444
0.38293480286240494
0.32618006075198747
0.35473765263854695
0.41156965090163516
0.3583660923502249
0.2824822131145962
0.3418377448021206
0.2963918258948566
0.3609407918248323
0.34794999777306057
0.467314626380866
0.382522144797769
0.2755075236519273
0.346867765179956
0.2946442451384159
0.3458166289765972
0.3267441014461624
0.35140159437236956
0.3555819441950245
0.431985516841494
0.37346121522347697
0.3634701043988435
0.34327616009370987
0.3569062888262629
0.36748664232713174
0.36376041650511515
0.33822528234124416
0.41554432928268403
0.4082223318543773
0.3342296168992618
0.3357244813597949
0.35243844907801436
0.45219831351824824
0.30912771655269533
0.3455508125739192
0.3342273312856802
0.2799797006642856
0.32964919680957006
0.27935343929649953
0.29663704030591764
0.3106165313899916
0.304042888740408
0.3623454476112755
0.3212365224696958
0.25512541694431684
0.22624920074158533
0.3597025419753568
0.339650577436034
0.3630896399567616
0.3733782868701217
0.3374239968513336
0.324181594968803
0.2688986389527309
0.35619577242528605
0.30600814052732994
0.3026357443377582
0.33398136997904143
0.3644293691068175
0.3668549212547642
0.37610832053953525
0.3724268885118811
0.2739068899395239
0.3520601141490577
0.334240814839181
0.320482964644459
0.3477728582035563
0.23552090745812837
0.31976685291281864
0.3270874108864715
0.3640874532681534
0.35995200164213415
0.42360731787402844
0.38948607828318793
0.33987094603969403
0.32522106065133083
0.3847461424002299
0.32703368032311986
0.2707230007147272
0.42880330787744714
0.31412919198420897
0.3219498181306413
0.2771777793096793
0.26684615169070336
0.3020123678241037
0.34241918580023545
0.3776237003311125
0.3353272061694461
0.41790583340638393
0.32420826970592553
0.30051120212563154
0.25338464076288025
0.3225690912357621
0.3298020286027194
0.3849119425408539
0.37625236844781207
0.41844781706706835
0.356241850180703
0.32307621391921837
0.212308744920305
0.33148609487918207
0.36100568005492784
0.35009741248971793
0.3965026748740867
0.3749803586733101
0.349008778507332
0.289671919384758
0.35576321609222494
0.3025856900493139
0.3387516091426007
0.29072944632373965
0.3313699744075873
0.27469006915158284
0.35858546074318154
0.341795304742451
0.35310912127057603
0.23700816334439617
0.3905167925965256
0.3554483449004806
0.34315569143310876
0.28335043322841014
0.3544106426695106
0.2758403125245363
0.3528317199138929
0.3947385394512207
0.3254697273523051
0.32932418801332114
0.39211064114299443
0.23319429496744404
0.3263896704381854
0.4842621416634692
0.21122126534264785
0.292434969783979
0.21640670013865884
0.3170118777541777
0.36319640663567715
0.35989696918323083
0.33421996971416373
0.40336939053407583
0.3285376141081195
0.4042803411890297
0.4084513668621209
0.29676069522444914
0.3930128109466372
0.366230651153625
0.3676833155172101
0.37532649486358793
0.3673678680242354
0.37074600683486425
0.2742240394942046
0.34453563352798827
0.28111416274074685
0.3269504618476494
0.3650070433159981
0.3410113630906345
0.2738397317900117
0.2706285629970204
0.3363795491250959
0.34501689719635603
0.3191185495536539
0.3461428781207565
0.29018687925236253
0.34193469763777085
0.2558487408155259
0.3589442364765692
0.4074320873907359
0.3225176451769104
0.41711271349593526
0.36736280735230326
0.3687523075167445
0.34701878441897355
0.405733606479839
0.3247802289046636
0.26995507577196176
0.2759403842050149
0.3537531866143726
0.2962978067115441
0.27319712343414826
0.32726355995494844
0.3055614179189071
0.29558946039125744
0.2398606160972169
0.42761208520181687
0.30534764662613945
0.2741464755900446
0.2706605453181151
0.362250946233089
0.27398878674206967
0.35213519191688536
0.28722342610213275
0.3399661007507292
0.3293816054384304
0.2917491368245268
0.35181083262678897
0.37147745770033647
0.4034679780690119
0.3870908178049367
0.3363417256385677
0.3099269306593171
0.39948722694212285
0.32671080407701647
0.3589541815967554
0.31168522656846254
0.3109768722970727
0.23674191297141478
0.32744586858264796
0.26563092413517936
0.3352484076612643
0.281816669451841
0.2965327922668686
0.3548611104112663
0.35143580588388523
0.39091525951309514
0.37191433218938946
0.3198943748469042
0.26123339143042346
0.3202750649378335
0.2980254837669607
0.3736889706782726
0.2833480157457924
0.37777859284483767
0.3305989444903066
0.29531286749779384
0.2517404845890762
0.2896483066258502
0.3426476976918055
0.3056200620604923
0.30073008749532537
0.406202685834923
0.3454351904828204
0.41703176485983817
0.39725677825461636
0.32085519744206054
0.3738143516022287
0.3067222512350014
0.2670593488664874
0.3073094506578218
0.4485537687770454
0.36063825870350597
0.29775833145323694
0.3703833799607253
0.2501145385664698
0.35639735384076443
0.2470625184691116
0.37015469028417336
0.30893962563969807
0.30276999734548005
0.3190565126485913
0.22710760558133236
0.32001271698233535
0.33407670755333785
0.3158746901574243
0.35437632366194477
0.3710932010744268
0.3193472952720533
0.481421955956587
0.3682695773800923
0.2999324498606405
0.3900360662513552
0.42782838521257094
0.4587497037237569
0.332441330765529
0.3032127749475625
0.2690862456079743
0.28890384539982544
0.3267371500283398
0.40157972768473327
0.36010661503138836
0.3388976706216767
0.3029563035375273
0.4114692418377849
0.3503724840966249
0.4213658283157935
0.36126675278835296
0.33272948854477846
0.24240294445523114
0.28047144667150886
0.2879865415139007
0.28539066368576366
0.3501860913499855
0.2802212887463524
0.3533490591599985
0.21285129586327045
0.4217948635258468
0.36448465978421823
0.3101705269233359
0.3777475128398755
0.4002388439665379
0.2691914597494353
0.33460077840314323
0.30007239994826784
0.3481921068402215
0.2557641388784194
0.27261830321733715
0.29030039818685327
0.40989161956623416
0.3075492127495527
0.2796291595073412
0.3317490324017604
0.3125164749522491
0.30960001905359946
0.35537001293094084
0.33491758853649234
0.22021760617109276
0.26667359412866
0.4267283745331909
0.37498244864706876
0.3230418799430452
0.32848315410978746
0.32952581334495556
0.24729214322092086
0.4126233076668629
0.43300160281757205
0.2889150465336937
0.36429087075606525
0.331280483738838
0.4313309061518769
0.3043624050080386
0.395987703599571
0.3639296367877534
0.3225683103016519
0.4051375852935954
0.16136976544124695
0.27278271362763595
0.3153548678976203
0.25611352107761165
0.43142268982481746
0.34431154019911725
0.3613151677783999
0.2981762902374468
0.33657716724054454
0.30604926872111615
0.30982873106096276
0.3317657250375179
0.3037927065789361
0.46609573926895476
0.2761963452472481
0.40825981537107825
0.39924626808329955
0.5141403133572903
0.2784240553003103
0.27998153167238016
0.35238355110338304
0.2983385684308092
0.2622220790791503
0.27031119361596834
0.2294351772226045
0.3298056973203575
0.2755936619998478
0.2906799924917135
0.35908663203345786
0.23022543505669432
0.2997549199178253
0.3551555580308995
0.22982300169439016
0.29788803199673325
0.36502864660063117
0.28955354253246146
0.281920775929678
0.29137628654020864
0.3720619984241696
0.4290820931861653
0.37721322020882236
0.24281222245865286
0.34545316822929645
0.3059633431380828
0.3508765857880949
0.28295738573147833
0.29220072171866873
0.2764710605348729
0.28557303592867844
0.34482421169259775
0.40491702475683583
0.30721182576987643
0.3252449150122176
0.3086417453238967
0.39514118137742527
0.3527682957720821
0.2221554900089453
0.24442186798585358
0.3410594265015776
0.34130733763254006
0.29648608363068263
0.2782655718110511
0.40474121821964704
0.35046878318429825
0.3266695102616936
0.2786258916422389
0.3610777172997008
0.2139121622100374
0.29622442324532017
0.29928612154085316
0.34900312878668105
0.31793314052332483
0.440634307820051
0.28132046324218185
0.3608511967506971
0.34429560792294656
0.3374198509614906
0.4207311484114273
0.2725007162713012
0.2855430407753635
0.3621945322663358
0.37205363108295453
0.3677254628249714
0.39331062975890546
0.3706226228394495
0.3558677510431677
0.34356560459554797
0.37217783232744184
0.33965797795710334
0.29819111014182553
0.43192434360211246
0.27560300637151725
0.363950456327524
0.4107382133176896
0.2700118847514647
0.22283712999600236
0.2443615145602579
0.44215387247282023
0.2715447597344103
0.3584547065426973
0.3546335583497622
0.33484469586974674
0.29883013322558527
0.3088848050909388
0.3281723785650972
0.3188952347277399
0.2436966231425355
0.3134158072644532
0.28060253007718405
0.3644123877264338
0.3165655560911658
0.3409089502023356
0.24912217646835066
0.3574195062781328
0.290619362591916
0.2933821303630047
0.305069739016832
0.4274326846728832
0.3959584795189048
0.33561149972584314
0.2831130641667381
0.23071874940676745
0.33409933907310196
0.3515336875121173
0.3167318921319592
0.3242310404582353
0.3827430392872803
0.3097636596628475
0.3408373865761245
0.1935928677799783
0.39049371307300973
0.267692133488969
0.3267206744302424
0.3413423421555868
0.3191955992248455
0.32250257268406907
0.4028327320253006
0.36624135370766464
0.2783564804276702
0.36258908806077855
0.3092041793748086
0.3395589164305065
0.32389420816524817
0.23479397933272309
0.2896223858677156
0.2986453217083067
0.35063007014352454
0.37816595447912016
0.3464475859559656
0.30114260728998743
0.2884106034568328
0.22233827865410571
0.2227022224560101
0.2892760433018611
0.3604313923867113
0.27612369726368435
0.32974862546976585
0.3638273104944264
0.2514454075278566
0.2253260115692656
0.3354693424338045
0.28397159350953866
0.4046911687813151
0.35560122814585154
0.3633600390605429
0.3379492502655752
0.2979026636495248
0.46413764563281373
0.32090742006729417
0.31639088250741676
0.4603980115143152
0.26196243367094996
0.2968893886756436
0.34594368537856446
0.30233260239780424
0.33314917774500596
0.3143369460136763
0.2848339545631468
0.2741822997188931
0.3512956650497943
0.27592232319001464
0.3490911211571396
0.3216347811472499
0.25428805696142626
0.3189527685204961
0.36413208218515697
0.29893423111557915
0.281367874448393
0.3313268023135766
0.3052084342606109
0.4123865623131778
0.3462790519051082
0.3551014490610777
0.2759435908912722
0.2276216006656976
0.3600643705441177
0.2911034060617175
0.3321443134601112
0.24769014119196206
0.33645482895217754
0.27766909451668015
0.2824234682967562
0.33889532254601507
0.27796961592981084
0.33730013840437584
0.23270201677273344
0.3640359024427538
0.3105739948398346
0.41595871752581925
0.3005008711142261
0.3764096421843852
0.32525966360850656
0.3317918349411526
0.3264286706157699
0.3287885873777758
0.22863452155909794
0.288289728855304
0.39050822571505617
0.311381573867932
0.28105449757625245
0.2932373603261623
0.3233942249345433
0.351277265897166
0.31091219020752753
0.2705275556843052
0.34496435511880186
0.3653602353738845
0.29655801659597397
0.3624171128343187
0.29911306125331516
0.2994252104026597
0.2710011296337775
0.29001971210588545
0.27842419068813334
0.3203555677136382
0.3888150986679842
0.37145739586122445
0.3149243226889784
0.38544717946369655
0.36904933819722396
0.31802706777353384
0.3563337191393132
0.44774626892751435
0.3180511036408703
0.3015635867805662
0.25361147041887866
0.29044167611672966
0.22854438013291667
0.346201908761426
0.2570912358734805
0.4177973412567949
0.3355775153076427
0.32190570356916415
0.29897475546838603
0.27370064681925865
0.36830050324875174
0.36424953946825767
0.2214593609260167
0.3015702782056977
0.3418422746889077
0.3923904042462505
0.3012171561973557
0.31817872650494866
0.3549649571536363
0.39718307759828403
0.3090917165906312
0.35045462939184086
0.3720861309032012
0.39163151810988484
0.3682123562833199
0.3206363339165583
0.2762541504781682
0.30280711478149686
0.2870879599298818
0.3491180965303929
0.26305578218464715
0.21410761386902655
0.3671125740053345
0.32806577146811133
0.2583105002464626
0.3371046320423571
0.3058058570686512
0.34570026966099887
0.3205638235929051
0.32604635667842763
0.34418595950448605
0.48414074304866683
0.24679358032424292
0.3396745694387575
0.3556424991797523
0.4107751235122966
0.3402760351991152
0.3519240331894282
0.29701356979419224
0.26672459990364167
0.36058991573661586
0.35242542446619674
0.37721065836273243
0.3203859498302887
0.3643716594689733
0.373520418283798
0.31695549823901126
0.2700509130442856
0.2692839849175305
0.2987683301177096
0.41195081976399345
0.34718553054906864
0.18352531200534344
0.28245251541298527
0.28132921067685135
0.26755575755605104
0.250018477102465
0.36433069286942765
0.23980121255622774
0.3035096986964971
0.33162217186886234
0.2762685414087178
0.29511616594812057
0.31774112038825075
0.2980690543254957
0.3845795538105504
0.33396959963494705
0.3368285033894709
0.3158227840926683
0.3126317885191588
0.3280844201075836
0.3078781198103259
0.27398092676524943
0.23358206134648685
0.31767093130064206
0.3321153949749946
0.34799149644668587
0.35713423133234834
0.27841386979471283
0.3630143024848782
0.31793984351225657
0.3524701204100684
0.2744292832557691
0.36841885559247445
0.2719914237291954
0.2544415145407185
0.3265369800003659
0.3744596774177737
0.3025784538850371
0.42359443246984474
0.4848474915960517
0.3763250207187527
0.402581324184229
0.3151081890268403
0.3085978438438904
0.34390642611333305
0.37005232075744643
0.2848097688928501
0.2810212699210699
0.4321328478898752
0.32874362695771214
0.31118172373870673
0.3495158326235682
0.3319203852382228
0.2534990504957711
0.3744709001620299
0.42566897599995784
0.37546138918711924
0.44145340948065137
0.47226457635155117
0.28012296379380863
0.3690112539038763
0.2874336832760981
0.26777682082451737
0.25149712583407746
0.27004930458150467
0.29910133294208796
0.3701335343266658
0.2809846586080667
0.3569666252029162
0.3921108235419377
0.41927731260948786
0.2468578280230906
0.24416764848125583
0.2941346720715507
0.27689645695436294
0.31965184280546566
0.37379433946306995
0.18292958319699257
0.3295464734060905
0.3725526980193937
0.34063891176524014
0.3825670935730647
0.2805757577746472
0.390273298538902
0.4262565788282484
0.29907982228437424
0.43365464519155306
0.35066331843014337
0.3812519052263331
0.3369160207897003
0.3276906828291963
0.3000575263412281
0.2906132374825122
0.3256008096395062
0.26758151219114246
0.32486635402901276
0.40919978847804095
0.35850445013001403
0.29050489082308956
0.26670548251589843
0.29902204464295123
0.3972651426805637
0.28265610022705717
0.21119130220853521
0.35460517324372653
0.32918965263263467
0.3419436609065696
0.36844311262256496
0.2828160143841397
0.3693228998686925
0.2709238284865138
0.2799913473724148
0.32957978485677986
0.27000602812297125
0.42405883531971095
0.29113388516381744
0.2780115097058572
0.37305758052211085
0.31844603552078
0.22058822821907698
0.4119976533467876
0.3216684709939123
0.39632223271841216
0.3585634344291116
0.28306926767380625
0.34503769471511114
0.3557009340864513
0.39515247467170717
0.29462216982159956
0.3410109639127566
0.36687345388120807
0.4367693032963079
0.3840769260790219
0.22219783058962744
0.2786341979065793
0.2825943806916156
0.2848623194176355
0.2795627008108049
0.2771833563355067
0.340046684281046
0.38676185616116676
0.3637146016530578
0.3071908653392884
0.3848771049101037
0.21762652293631338
0.31507097083875474
0.3787127454873551
0.3937284910711553
0.3040725357300991
0.3102172014141792
0.27791902783620953
0.33405835583352506
0.4327987083575313
0.24790618716707896
0.4156755936190752
0.4315054215022461
0.31608617185261384
0.44859500827475013
0.3030881289194286
0.290882313095131
0.27609001455053606
0.3487288596956192
0.26824063038795776
0.27226199668472356
0.4182812043373869
0.3064979341643872
0.4425117133261266
0.29859379482276827
0.40944934599311905
0.43258162489717317
0.3340294037638154
0.36945884638320753
0.3129328409370149
0.34625987199389174
0.32002474817034654
0.3112566010634238
0.3555865198699439
0.2758516954941665
0.3165041858413701
0.32474508168788874
0.4196572734968329
0.2334615855028722
0.29926095392152297
0.3786573015480611
0.22761038941601677
0.3720617788798732
0.24156790559596295
0.3426944321398569
0.34273286549561555
0.3539784424784265
0.3312035836574476
0.30627684097181274
0.29184344821860864
0.3122632889212767
0.36617480481290854
0.3107872427630667
0.3305115428347612
0.2928771407888454
0.31865060160799347
0.3574623575494169
0.34412277913112116
0.3370493500211791
0.3418845479335357
0.32361264450115645
0.34776403609818773
0.36583153322311757
0.45947601904578717
0.2838481412425659
0.37006584472387405
0.26649706192647127
0.2763414871508212
0.2915043097073339
0.2818543067250262
0.30465535689653467
0.3415647571572937
0.4034294119187348
0.34903633778123677
0.2828327539817013
0.3574258856858059
0.3089634767328023
0.4497907426257196
0.3534074820071671
0.29636459293101225
0.27375841992047467
0.4103383259711171
0.2556689793611042
0.372423655182918
0.26439792372062704
0.33031055632970485
0.27911099671533535
0.37276162792254863
0.25317437141911125
0.3526499605009557
0.27420673596111755
0.3747351078893536
0.2767722079937405
0.31966027299313476
0.2834975773969245
0.3180666626336577
0.2831536738371969
0.32063799902320655
0.30609936367755464
0.33744166196862535
0.3711105566927321
0.29761070509410315
0.2725908038067306
0.2706746894664589
0.3176634283171514
0.2820201524692676
0.3664877361084378
0.2694883754972097
0.2878254127532069
0.3289193805541054
0.3370967519783087
0.35474734607969083
0.300790167163744
0.33627506085312314
0.2904526178808939
0.4093835998581824
0.35478028499597775
0.4017011379039127
0.3553340375627833
0.3569622695429065
0.27333916424519644
0.33986544346787684
0.280429858521156
0.4079819067598306
0.2818437786154918
0.30323658942834364
0.28681519320616405
0.3461548766065041
0.3618914973513523
0.2756397390940608
0.2851259172776944
0.31910135762577096
0.2767464816001296
0.24982284997355259
0.3408579325632294
0.31542036018510655
0.2860351017684272
0.34291892151076264
0.36636225671205963
0.36960102035543685
0.41482465263418333
0.3249485626179023
0.34348480239850443
0.30614050149404487
0.37420923396928935
0.348843298273931
0.3211262450304484
0.3280951340737427
0.2821886606339107
0.33407906993185355
0.2673182719957584
0.42176696352683346
0.32261540883447504
0.32115924544029917
0.47383992426917915
0.31538392420706207
0.34910944724773707
0.2983700620469065
0.18685693472886167
0.3164255203675029
0.2729548205325642
0.3888389003635421
0.37381708654685936
0.33027136679899055
0.26221292295814397
0.32989930760712605
0.3602558903261753
0.338420481708523
0.34955453165071965
0.29036808781164547
0.3451300188001437
0.38395510616885054
0.3032957777882916
0.3006789665400421
0.30808140361440917
0.348494272930413
0.2736353563147981
0.36698301230067615
0.39891663454048354
0.3596879089665289
0.31846560329699297
0.22643037768028612
0.37655737894116187
0.2759453463183012
0.3458924975537605
0.3668667898362523
0.3226739471324709
0.22732904298618067
0.2928896989994858
0.31319582798790235
0.29758351748057277
0.43145179694057845
0.3115757601283773
0.35929376772597543
0.26863658457806305
0.2160686330289681
0.3873674943603447
0.34963767947751734
0.3643184077660135
0.32546305161932365
0.351608181373034
0.2164757641614025
0.33189212615821756
0.36450659537442015
0.3709527889894267
0.4231490045390532
0.2993399049666931
0.421241070554075
0.36214657187624844
0.37671890214276726
0.33670730212076894
0.14822447294857055
0.3862777930121132
0.366443206769589
0.3120349296479771
0.31928543140801724
0.40289763388066313
0.28549780907254374
0.3534545207336192
0.37456118341051037
0.3736512717952452
0.2542774063999519
0.38539746483770065
0.32975387068016715
0.39948223469868827
0.31182992964732015
0.27580070232681747
0.3068492493320867
0.2727718651782722
0.31789595111046043
0.2748358893583848
0.3496530490376833
0.4516772027332116
0.2731561336980819
0.28030716233980546
0.322496815100736
0.3692131119073284
0.29142710392129356
0.23780538956131808
0.2835869074498381
0.29888704725664567
0.3653653941550021
0.2785962981207742
0.2849231820206912
0.3267502338980092
0.3362722001677131
0.3273801390927766
0.2698383628660125
0.3621392838482082
0.4169673392027356
0.3202412898103275
0.3179864049590572
0.23865574624582853
0.21740660176966697
0.373122609557621
0.42692804596614464
0.3234846819131104
0.3169376621784504
0.4173502864213774
0.28647306951302504
0.41265787594208536
0.3026114051341416
0.369575316598618
0.23100479736048968
0.3239467130922996
0.3280737451144093
0.35111469084254854
0.2712996422790587
0.3364579100896741
0.30095297830386253
0.350271456339873
0.35515376979334445
0.28939873050992915
0.2133369360816384
0.435515516539634
0.31429734583693203
0.2999693610885187
0.3033324747644823
0.3319750247915505
0.29422269563834
0.3165708118688943
0.37267546369502647
0.4035401175105321
0.32186184985340993
0.35458734948949117
0.3315082824127208
0.3631429864760355
0.3214396656665707
0.37026385367056097
0.3449875685934142
0.3400759813557116
0.34702133253844947
0.3430650080133365
0.3429563140554743
0.43468472072402087
0.3288033972844583
0.29081190607010166
0.33092411832876734
0.4067772457067347
0.3348340583036594
0.34904702470455384
0.28889730792515167
0.25976947133862105
0.3206904136239085
0.3277196703162726
0.24151565652440912
0.2895392754845631
0.2889195411511626
0.23662601971533037
0.3509205408099121
0.28825643826863817
0.41961796986276084
0.24404278279844527
0.35935147585510996
0.2863784866135953
0.35733880984109356
0.37338434403135246
0.34084059124385585
0.21848401014775878
0.3951567678560558
0.3773047197413477
0.35241511440832285
0.2737506530974533
0.3234661299910152
0.30517883321226247
0.2784369049105946
0.3058680202895938
0.3342292168413299
0.27456756024927975
0.33105410441188066
0.3345775843093773
0.28952668417141403
0.281281649584631
0.22714128190905847
0.3181991725782444
0.33988735821580857
0.3805168002489058
0.3250480770888603
0.3842270655264902
0.27908413263671983
0.31194716099907294
0.2836730614046562
0.2993513617139236
0.3562492363823143
0.33305189573614574
0.393042061494551
0.30895787806334246
0.35928401017866274
0.22377135920525904
0.3436030934395201
0.3742116682149897
0.351216106959754
0.2179960173564452
0.28038120948026235
0.2129051146632504
0.37130982216109665
0.28357328514243996
0.3493449569696725
0.3063537389041214
0.3748561964084917
0.38387879952157544
0.367371783706883
0.3277127721672928
0.39799961119505745
0.4048023908919098
0.2892248055257343
0.36127071647267206
0.2695759355097792
0.33930203436296164
0.2452142586121034
0.351064559728136
0.3317452154287885
0.3257410717865724
0.3425174179475694
0.22530017597513258
0.2706917187752231
0.3449319755201351
0.29040035736449316
0.2616768503236331
0.41156834865169317
0.35299416329756605
0.33906541797291856
0.3993552266751971
0.3157062828761135
0.38745691114287706
0.3486180675615241
0.399512702232274
0.32845916611582066
0.34427881746219396
0.3082393814193977
0.3676094488677164
0.33244730880794743
0.26961823029668164
0.24408000499412852
0.29272668554807363
0.40106631939441384
0.2939896782066274
0.2950252426058011
0.2877823946698414
0.2954742289761043
0.3613957568440678
0.2721623204515508
0.3561915257415754
0.38366282881096964
0.2148490095642202
0.2841130393299889
0.35401996701116945
0.3294063962458212
0.27045480835030195
0.472178365016254
0.3492721119207892
0.2703574900472115
0.27723847442246474
0.23656018983292454
0.3200156624241549
0.2648455845012322
0.27979911104159066
0.22128495886232624
0.35830663236453775
0.2951869507194846
0.24834049273165743
0.438502837070395
0.2548815625310952
0.4794659704860295
0.2621181006614084
0.2911464710696078
0.39149507117838744
0.4326325073639846
0.3072591170278055
0.29617436163967664
0.37707734241852575
0.34429757134437444
0.31613493959517264
0.3380555129075331
0.36263087390464555
0.3411262926194518
0.26756819196923226
0.28878486068300996
0.39344699194523736
0.3068303600266571
0.3601831107683844
0.3225231003019689
0.35878790697815066
0.29133697023353416
0.33658430117996463
0.2790850578786771
0.2122373503996206
0.32179921811665957
0.23019184706485718
0.3625826131263862
0.34079748882525274
0.3253108261210514
0.29089123062755823
0.30262953903515233
0.3856725358342081
0.43993738653384334
0.28063804490689964
0.4274871466882747
0.33753352565816
0.33223002480309777
0.24639455254684872
0.27866393723215693
0.35223003563262517
0.269317264476746
0.36648276409632236
0.28735757217138413
0.3455589544645316
0.36287028184374004
0.45255696352372277
0.32456987957097405
0.24178476527296697
0.2719910061766445
0.3527509270351262
0.2380666058175946
0.23505930487288024
0.3777161834556171
0.34065635879094425
0.3494940834095553
0.3121615640240794
0.33878794313634547
0.31215873430939883
0.30215484074810794
0.3533494855190628
0.3600669310324829
0.3760277327455216
0.29658285023752695
0.3314848624836435
0.178548047488838
0.22095511986255031
0.32612234575516025
0.36866200948186784
0.29601875059535404
0.34518491713215654
0.3013167465518858
0.32794339986918125
0.29550276801657327
0.24955987995224177
0.2691743654360897
0.3727391422874798
0.35847085084707236
0.42986738348377784
0.32455152692749045
0.40390382523928736
0.35004680412263556
0.22829127532468407
0.35755432814295207
0.3614853162626364
0.38312827448535836
0.39638365454162994
0.33438042248330546
0.21449859328932097
0.3130491827351235
0.35554097497876286
0.34981368848345695
0.3471210887479113
0.3324273016592438
0.31971583147109184
0.3018526143807551
0.28103849988061036
0.36677683774438413
0.3672602548419217
0.38704522763743787
0.27428384806868017
0.30074580053380007
0.32437443394199694
0.30811955691047554
0.22940825158188827
0.29929430214961855
0.3841999657907198
0.35765285460441554
0.2682244777360602
0.37108377073555887
0.3023093756092322
0.2674074402264654
0.3250603382674796
0.26980880723990647
0.349016604919666
0.3575032277933876
0.37204534305707354
0.3444655270135629
0.3749206355112388
0.30942711672225326
0.39093221063410155
0.28498336901597715
0.34903407716672075
0.3738588492990106
0.3741740915724824
0.1802069847287371
0.2812641042683461
0.42934133550671943
0.3063527301990612
0.2501275552967812
0.3732127716588706
0.32668085445426454
0.36300163452911505
0.4164498188755287
0.417047818522856
0.2729191735205744
0.2856883271762083
0.23814436124865934
0.4077427030418046
0.31241377876293003
0.31553760430578914
0.4297162486930287
0.3640455839356941
0.2776660193016048
0.3243288935040365
0.3362706691548251
0.3395743820469426
0.34133179332045605
0.29127178081787286
0.2786352071732918
0.2447202576838067
0.3152344058448011
0.2897692700764327
0.23930458035023927
0.269325954820696
0.3518144181814755
0.3770261322014813
0.3748477079011413
0.29353602571678017
0.28049766221651035
0.36616727486958917
0.34734047326360656
0.22664437657868833
0.305951101683374
0.3081465365085595
0.2834662558701071
0.23953430780274682
0.33927429557745803
0.258254167842389
0.34464936237595994
0.35230467433434415
0.3944655239585615
0.37144328662027776
0.3391353521988012
0.22740608846319693
0.3465214700707743
0.30343892578483045
0.27389799980106205
0.3271210973809334
0.3719463895620192
0.3090981415178875
0.3224507772975439
0.35929057360160066
0.3371526897802524
0.28394323500291124
0.23072601732346215
0.33114229950019364
0.3473649297915698
0.31716778196769807
0.3393162556815793
0.2782165856726442
0.2849411103997288
0.3609470852060665
0.29006860635121295
0.28712572260536773
0.32486260995101884
0.39156245453269434
0.3685705206662348
0.2944407316925359
0.3193122033281519
0.3531946904126784
0.35452701991491187
0.26372192866202315
0.37727129393364045
0.34386322266909225
0.2329368927713913
0.3813319346638826
0.3236109293062418
0.21609668459929587
0.3611228341347274
0.346518657115628
0.30086960028184384
0.2482929224624735
0.3858559619271346
0.32401085178880606
0.31708977946385886
0.37596097901814945
0.2726106791050692
0.3273402959113773
0.42456492506207993
0.3007397829723103
0.47893433508365935
0.35895514317620975
0.354186949221161
0.32828667952905766
0.3354679922827419
0.2190379638076224
0.2967530078556114
0.3202480600489348
0.3757856301125882
0.36608021258908807
0.4327744655058355
0.2856628955553134
0.3474876770510057
0.36957020089749354
0.2900452246782622
0.28791209407752305
0.3796754000305313
0.368110106903267
0.24117005660221247
0.31530164906473535
0.4181222233823932
0.2915737874815717
0.3409984872375305
0.2723245264194849
0.3642547725193003
0.2861486214779641
0.2419529861090206
0.35308860304784256
0.3666065743617626
0.29941115582994765
0.35711248486812697
0.4510118117822436
0.33419268916459016
0.366988981028509
0.3670327819732551
0.27551297755323506
0.39818581145912035
0.3420297994194733
0.4114935883585279
0.24065143147323517
0.32499872929021006
0.271179118996825
0.3565209442576425
0.3174605727575216
0.43466445587057956
0.332821370758603
0.2922959613569416
0.21316294327685534
0.39669544241142796
0.34244127369387906
0.2911754369119165
0.35212357410761186
0.3765519442657647
0.3012138430730926
0.21476589740536112
0.42101316466822486
0.2720842663031242
0.36423731846425333
0.29629655084491135
0.32455620325970774
0.4165332384979439
0.3329436332822637
0.3438157726658228
0.29273505299670427
0.23388410094182127
0.369456957104771
0.2969781646368726
0.34641280436873034
0.2854586516937586
0.24723612125602473
0.3334973092688359
0.35888336287315464
0.24311414653892782
0.349027692055094
0.3634538268122414
0.21301261193639692
0.43055199059922034
0.255552760026612
0.33198499546568877
0.26631701305111444
0.32283774310778407
0.34785678585399094
0.33095385491208923
0.30079177843938215
0.3380100394919958
0.38078005375188984
0.3753089311597937
0.36928792762186596
0.40835770040979735
0.3261587921680731
0.36470177983004065
0.3689721036325212
0.2858871250125362
0.3387846787083497
0.3726562749635488
0.33939512621281887
0.4165657057641656
0.3356703142319315
0.27580940573460255
0.41638643949094123
0.275032901287627
0.32159066281371623
0.36483207506327076
0.2340871400365215
0.3853745707973202
0.3109565992781823
0.2758670878933597
0.33604063041235643
0.2739798471674682
0.3808221409894395
0.34133690575779196
0.3630037856091855
0.29442140353214014
0.33611041477936415
0.35973513263445384
0.31219284642952083
0.36276760895341137
0.3117205104977532
0.3430012932582294
0.3541244847165258
0.38263980108574575
0.2767796939846473
0.34005208820966304
0.3588254623272129
0.40314558917998644
0.4252942913607468
0.279295179828035
0.22460384188275528
0.30516513681118
0.4139322110990577
0.34713010005706596
0.30731697260070817
0.3374800112617532
0.32285844088714666
0.2749214195394838
0.32988183565852125
0.3142815999702812
0.2779995951684034
0.3716595904907051
0.31497112597451465
0.37520464027907346
0.31520337930161446
0.3535405238668166
0.29938979075231714
0.24305711619270948
0.2681009213728261
0.2706761295843394
0.33661575590313714
0.3272869980078131
0.28535292786582306
0.29178773918750317
0.2741663653696482
0.29557000307783254
0.3521988800467603
0.2782327407370325
0.3398986988958558
0.34750881567811076
0.3454092851191761
0.394037536570655
0.28701238980198823
0.32890799453267927
0.3970173088140692
0.33856457381008676
0.29426837309377935
0.21463645396944353
0.35748201117967876
0.374159237662526
0.3020354760724921
0.3448371546041358
0.21620332333430686
0.3554237519795842
0.2961055326472043
0.32995126120699164
0.35129962928502023
0.26288174320691304
0.35654427285504287
0.42658287204705925
0.34119698125379194
0.3696404499206277
0.287571125723755
0.35288381733633406
0.2738430537701121
0.37496251387443813
0.38086005988454075
0.30683135086788815
0.36275483964637745
0.27874019630279756
0.2680768046780027
0.2527033303381534
0.3353217526382767
0.27819538480463435
0.27501309780479344
0.3224068565156888
0.39546446668409846
0.3442937342154315
0.3274476102511897
0.27811197247475533
0.2669018483436038
0.33307474056452097
0.400432222796013
0.35643835115248124
0.24887954831309334
0.35034321715801686
0.35262741343553694
0.3450026566958458
0.29703012371554693
0.35500440347495377
0.2554218610719986
0.3500212213163354
0.2701884507096766
0.2684183138678283
0.27134769520816904
0.42912409010451047
0.37327886041109193
0.3484814991816546
0.2946312488720332
0.22894799238724572
0.3323217892823624
0.36003688834409225
0.3829821477963832
0.2731338483329265
0.36921057645691324
0.28374694591072896
0.2892802307349538
0.30078737425848767
0.37662449729907516
0.3471022922955924
0.3383376743301465
0.2847137295800971
0.4771057938216444
0.30497070145599536
0.2464130307421657
0.36587765737638706
0.2570640483625216
0.22199396798228355
0.39961865688547504
0.2791570329387792
0.3074655449588839
0.27275370720084374
0.2829036631459517
0.3165849757993378
0.3776870112537083
0.32547599683586115
0.29174300644239876
0.30171228065903577
0.39115771807624944
0.2709167473712324
0.27249218309488826
0.2762661402012808
0.31528911301889606
0.29833831750066475
0.3649885414160009
0.30215147632313655
0.2703733131191623
0.2475796703981117
0.3730999452525013
0.28915392982230537
0.3570849638774853
0.3353106807280204
0.3697867813197966
0.31076902530667405
0.37427312983547495
0.42110389724306496
0.24831297599211133
0.2967483779691452
0.3435784433449168
0.22853002455554167
0.3491520562856517
0.2682129180763112
0.41452435270749793
0.2564520099080373
0.40031231787734034
0.3570347949970309
0.36477694721344267
0.28135120867998564
0.34140057547503655
0.27716161465814654
0.3485600953062033
0.3389476848619548
0.31597962798168194
0.3004439862368821
0.3436106888962348
0.3149833479213705
0.3677160157109242
0.3143288377543867
0.30325734599167126
0.42216234494444516
0.2719368076819598
0.3523397346400126
0.27266267379645037
0.43488834793874115
0.3599633740236618
0.27100673129604524
0.2956838462195269
0.2755060003396588
0.38910123115465456
0.27802102958422503
0.3170573668890556
0.3256838912018458
0.26688980277819757
0.27769969134663197
0.2735068892465686
0.3420151897274146
0.27108436542516645
0.25138530056404446
0.31577985428067984
0.3759704434655995
0.2722129716942886
0.27396468091068965
0.26741374244915883
0.39809143574837547
0.33614571362086904
0.3638572620111582
0.2628254163367623
0.3018951640883081
0.40387932441269825
0.3400906789541031
0.35122154635459923
0.3143054948205978
0.26326796201224434
0.35709999762979705
0.41192471356589766
0.3564857273129753
0.27350927481134424
0.22390634417828092
0.3776891615886636
0.36181572426451886
0.29232835681041963
0.2900865746971176
0.3586330730699361
0.30170523771345775
0.3307820505976145
0.37197256863688133
0.37903678456991474
0.3394158206706631
0.4185487713259385
0.4332754719636511
0.3565378063205072
0.3552471228142539
0.39166448400093834
0.3476953567230025
0.36370754971684227
0.3312544314808945
0.26351268869514044
0.3641377279476664
0.3595804228335298
0.26841970212294763
0.2984231111888918
0.297676246013187
0.37228950037067865
0.26316507225238217
0.30377295491724077
0.2696778736279777
0.4182647371735586
0.3181620057578573
0.3803538577281642
0.23383199831410112
0.42566280548212554
0.4071821890911301
0.3200157385493171
0.3610347456285878
0.2743694972986644
0.35118883884944757
0.30231572431747633
0.3415867692638388
0.4178606315863285
0.2338549812983195
0.26998426404205067
0.26136480282052155
0.2844692413752982
0.31933896912974574
0.29450971733815445
0.3034066897147547
0.3092211916731523
0.3490517613343824
0.2180937806708279
0.30898178684323074
0.4483428837312875
0.4109295951751584
0.37124804821831714
0.40538832888715337
0.38173861574709356
0.2732011312641706
0.4167635425975225
0.4316312134671818
0.2885816595194859
0.43553529350111225
0.36390328269444244
0.27338378253352047
0.34242157001563645
0.30374270893394234
0.2815788510075069
0.3244422506040382
0.2335642564492853
0.3564057850191819
0.38838913443052786
0.2996579868805387
0.3985529987482608
0.4019981206057055
0.22575432050485986
